50 20 40 0.000590262 -0.00234841 -0.000300512
100 20 40 0.0024896 -0.0161228 -5.87222e-05
100 20 0 0.0024896 -0.0161228 5.87222e-05
50 20 0 0.000590262 -0.00234841 0.000300512
100 0 40 -0.00410736 -0.0168069 -0.000154474
100 0 0 -0.00410736 -0.0168069 0.000154474
50 0 0 -0.00204744 -0.00254103 -0.00031518
50 0 40 -0.00204744 -0.00254103 0.00031518
0 40 40 2.81448e-24 -8.79974e-25 -1.05791e-24
50 40 40 0.00106766 -0.00218479 -4.82629e-05
50 40 0 0.00106766 -0.00218479 4.82629e-05
0 40 0 2.81448e-24 -8.79974e-25 1.05791e-24
0 0 0 -2.77388e-24 -8.59061e-25 -1.04988e-24
0 0 40 -2.77388e-24 -8.59061e-25 1.04988e-24
55 20 40 0.000989871 -0.00321576 -0.000365123
60 20 40 0.00130721 -0.00422695 -0.00033582
65 20 40 0.001584 -0.00538888 -0.000303071
70 20 40 0.00182943 -0.00668241 -0.000264572
75 20 40 0.00204128 -0.00809477 -0.000222623
80 20 40 0.00221694 -0.00960823 -0.000178228
85 20 40 0.00235226 -0.0112022 -0.000133448
90 20 40 0.00244124 -0.0128479 -9.34582e-05
95 20 40 0.00248132 -0.0145021 -6.74337e-05
100 20 35 0.00249035 -0.016135 -5.39397e-05
100 20 30 0.00248419 -0.0161494 -4.22727e-05
100 20 25 0.00247769 -0.0161588 -2.293e-05
100 20 20 0.00247504 -0.0161619 4.07103e-16
100 20 15 0.00247769 -0.0161588 2.293e-05
100 20 10 0.00248419 -0.0161494 4.22727e-05
100 20 5 0.00249035 -0.016135 5.39397e-05
95 20 0 0.00248132 -0.0145021 6.74337e-05
90 20 0 0.00244124 -0.0128479 9.34582e-05
85 20 0 0.00235226 -0.0112022 0.000133448
80 20 0 0.00221694 -0.00960823 0.000178228
75 20 0 0.00204128 -0.00809477 0.000222623
70 20 0 0.00182943 -0.00668241 0.000264572
65 20 0 0.001584 -0.00538888 0.000303071
60 20 0 0.00130721 -0.00422695 0.00033582
55 20 0 0.000989871 -0.00321576 0.000365123
50 20 5 0.000532542 -0.00241427 0.000188206
50 20 10 0.000521337 -0.00246594 0.000108679
50 20 15 0.000517555 -0.00249556 5.03513e-05
50 20 20 0.000516748 -0.0025053 1.20741e-16
50 20 25 0.000517555 -0.00249556 -5.03513e-05
50 20 30 0.000521337 -0.00246594 -0.000108679
50 20 35 0.000532542 -0.00241427 -0.000188206
95 0 40 -0.0039765 -0.0145294 2.03593e-05
90 0 40 -0.00387509 -0.0128291 9.75638e-05
85 0 40 -0.00376593 -0.0111776 0.000142373
80 0 40 -0.00362983 -0.00959517 0.000184235
75 0 40 -0.0034569 -0.00808874 0.000223769
70 0 40 -0.00324407 -0.00668087 0.000260243
65 0 40 -0.00299015 -0.00539607 0.000290976
60 0 40 -0.00269759 -0.00426182 0.000312447
55 0 40 -0.0023762 -0.00330512 0.000320921
100 0 5 -0.00409421 -0.0165004 5.1751e-05
100 0 10 -0.0040751 -0.0165059 1.02029e-05
100 0 15 -0.0040699 -0.0165039 -3.45332e-07
100 0 20 -0.00406758 -0.0165062 4.22482e-16
100 0 25 -0.0040699 -0.0165039 3.45332e-07
100 0 30 -0.0040751 -0.0165059 -1.02029e-05
100 0 35 -0.00409421 -0.0165004 -5.1751e-05
55 0 0 -0.0023762 -0.00330512 -0.000320921
60 0 0 -0.00269759 -0.00426182 -0.000312447
65 0 0 -0.00299015 -0.00539607 -0.000290976
70 0 0 -0.00324407 -0.00668087 -0.000260243
75 0 0 -0.0034569 -0.00808874 -0.000223769
80 0 0 -0.00362983 -0.00959517 -0.000184235
85 0 0 -0.00376593 -0.0111776 -0.000142373
90 0 0 -0.00387509 -0.0128291 -9.75638e-05
95 0 0 -0.0039765 -0.0145294 -2.03593e-05
50 0 35 -0.00205167 -0.00266655 0.000221302
50 0 30 -0.00206471 -0.00274198 0.000137612
50 0 25 -0.00207426 -0.00278126 6.55291e-05
50 0 20 -0.00207765 -0.00279337 1.58386e-16
50 0 15 -0.00207426 -0.00278126 -6.55291e-05
50 0 10 -0.00206471 -0.00274198 -0.000137612
50 0 5 -0.00205167 -0.00266655 -0.000221302
50 5 0 -0.00134543 -0.00246173 -0.000159859
50 10 0 -0.000627065 -0.00241043 -8.76473e-07
50 15 0 6.64389e-05 -0.00237282 0.000163935
50 15 40 6.64389e-05 -0.00237282 -0.000163935
50 10 40 -0.000627065 -0.00241043 8.76473e-07
50 5 40 -0.00134543 -0.00246173 0.000159859
100 5 0 -0.00224326 -0.0163539 7.35063e-05
100 10 0 -0.000667222 -0.0161834 6.28349e-05
100 15 0 0.000893993 -0.0161317 5.34083e-05
100 15 40 0.000893993 -0.0161317 -5.34083e-05
100 10 40 -0.000667222 -0.0161834 -6.28349e-05
100 5 40 -0.00224326 -0.0163539 -7.35063e-05
5 40 40 0.000213663 -0.000102817 -0.000127812
10 40 40 0.000385054 -0.000195968 -0.000159574
15 40 40 0.000543043 -0.000344926 -0.000169456
20 40 40 0.000691746 -0.000542513 -0.00016183
25 40 40 0.000825396 -0.000786361 -0.000143886
30 40 40 0.000936273 -0.00106834 -0.000119306
35 40 40 0.00101537 -0.00137294 -9.26656e-05
40 40 40 0.00105745 -0.00167534 -6.96464e-05
45 40 40 0.00106813 -0.00194783 -5.56864e-05
50 40 35 0.00107216 -0.0021726 -4.86844e-05
50 40 30 0.0010729 -0.00217345 -4.27226e-05
50 40 25 0.00107331 -0.00218046 -2.52241e-05
50 40 20 0.00107358 -0.00218405 8.01725e-17
50 40 15 0.00107331 -0.00218046 2.52241e-05
50 40 10 0.0010729 -0.00217345 4.27226e-05
50 40 5 0.00107216 -0.0021726 4.86844e-05
45 40 0 0.00106813 -0.00194783 5.56864e-05
40 40 0 0.00105745 -0.00167534 6.96464e-05
35 40 0 0.00101537 -0.00137294 9.26656e-05
30 40 0 0.000936273 -0.00106834 0.000119306
25 40 0 0.000825396 -0.000786361 0.000143886
20 40 0 0.000691746 -0.000542513 0.00016183
15 40 0 0.000543043 -0.000344926 0.000169456
10 40 0 0.000385054 -0.000195968 0.000159574
5 40 0 0.000213663 -0.000102817 0.000127812
0 40 5 2.30969e-24 -8.72649e-25 2.66683e-25
0 40 10 2.35934e-24 -9.08928e-25 1.79631e-25
0 40 15 2.41981e-24 -9.35976e-25 8.11957e-26
0 40 20 2.43833e-24 -9.44159e-25 -1.60454e-38
0 40 25 2.41981e-24 -9.35976e-25 -8.11957e-26
0 40 30 2.35934e-24 -9.08928e-25 -1.79631e-25
0 40 35 2.30969e-24 -8.72649e-25 -2.66683e-25
45 0 40 -0.00173815 -0.00195888 0.00029756
40 0 40 -0.00146831 -0.00152113 0.000273495
35 0 40 -0.00124104 -0.0011811 0.000249366
30 0 40 -0.00104685 -0.000902587 0.000229492
25 0 40 -0.000872422 -0.000665996 0.000215047
20 0 40 -0.000707221 -0.000464907 0.000203945
15 0 40 -0.000544809 -0.000300283 0.000191625
10 0 40 -0.000382232 -0.000174201 0.000168876
5 0 40 -0.000210802 -9.56064e-05 0.000129325
5 0 0 -0.000210802 -9.56064e-05 -0.000129325
10 0 0 -0.000382232 -0.000174201 -0.000168876
15 0 0 -0.000544809 -0.000300283 -0.000191625
20 0 0 -0.000707221 -0.000464907 -0.000203945
25 0 0 -0.000872422 -0.000665996 -0.000215047
30 0 0 -0.00104685 -0.000902587 -0.000229492
35 0 0 -0.00124104 -0.0011811 -0.000249366
40 0 0 -0.00146831 -0.00152113 -0.000273495
45 0 0 -0.00173815 -0.00195888 -0.00029756
0 0 35 -2.24503e-24 -8.4389e-25 2.67301e-25
0 0 30 -2.28118e-24 -8.76367e-25 1.84991e-25
0 0 25 -2.33932e-24 -9.03499e-25 8.54798e-26
0 0 20 -2.35794e-24 -9.12005e-25 9.46767e-39
0 0 15 -2.33932e-24 -9.03499e-25 -8.54798e-26
0 0 10 -2.28118e-24 -8.76367e-25 -1.84991e-25
0 0 5 -2.24503e-24 -8.4389e-25 -2.67301e-25
0 35 0 1.87758e-24 -1.6847e-26 7.98725e-25
0 30 0 1.19129e-24 5.70827e-26 5.06651e-25
0 25 0 5.77364e-25 1.05325e-25 2.46853e-25
0 20 0 -2.30545e-26 1.25186e-25 -7.84264e-27
0 15 0 -6.2553e-25 1.21693e-25 -2.63612e-25
0 10 0 -1.23854e-24 7.9546e-26 -5.23754e-25
0 5 0 -1.89983e-24 -3.84081e-27 -8.07063e-25
0 5 40 -1.89983e-24 -3.84081e-27 8.07063e-25
0 10 40 -1.23854e-24 7.9546e-26 5.23754e-25
0 15 40 -6.2553e-25 1.21693e-25 2.63612e-25
0 20 40 -2.30545e-26 1.25186e-25 7.84264e-27
0 25 40 5.77364e-25 1.05325e-25 -2.46853e-25
0 30 40 1.19129e-24 5.70827e-26 -5.06651e-25
0 35 40 1.87758e-24 -1.6847e-26 -7.98725e-25
50 25 0 0.000539872 -0.00223416 0.000188369
50 30 0 0.000661804 -0.00219169 0.000106651
50 35 0 0.000842216 -0.00218448 6.70205e-05
50 35 40 0.000842216 -0.00218448 -6.70205e-05
50 30 40 0.000661804 -0.00219169 -0.000106651
50 25 40 0.000539872 -0.00223416 -0.000188369
55 20 35 0.000973414 -0.00336602 -0.000248257
60 20 35 0.00131259 -0.00436478 -0.000244663
65 20 35 0.00159614 -0.00551513 -0.000222952
70 20 35 0.00184425 -0.00679425 -0.000195166
75 20 35 0.00205666 -0.0081899 -0.00016412
80 20 35 0.00223122 -0.00968426 -0.000131646
85 20 35 0.00236356 -0.0112572 -9.99645e-05
90 20 35 0.00244754 -0.0128818 -7.33147e-05
95 20 35 0.00248302 -0.0145195 -5.70345e-05
55 20 30 0.00096204 -0.00344594 -0.000149614
60 20 30 0.00130275 -0.0044532 -0.000155089
65 20 30 0.00158937 -0.00559966 -0.000144887
70 20 30 0.00183822 -0.0068705 -0.000127662
75 20 30 0.00204974 -0.00825538 -0.000107625
80 20 30 0.00222234 -0.00973726 -8.67498e-05
85 20 30 0.00235256 -0.0112966 -6.70348e-05
90 20 30 0.00243609 -0.0129082 -5.11047e-05
95 20 30 0.00247385 -0.0145367 -4.18544e-05
55 20 25 0.000957645 -0.00348928 -7.02136e-05
60 20 25 0.00129618 -0.004501 -7.43964e-05
65 20 25 0.00158194 -0.00564737 -7.07975e-05
70 20 25 0.0018305 -0.00691447 -6.29168e-05
75 20 25 0.00204125 -0.00829363 -5.32216e-05
80 20 25 0.00221276 -0.00976857 -4.31156e-05
85 20 25 0.00234226 -0.0113205 -3.3721e-05
90 20 25 0.00242616 -0.0129249 -2.62727e-05
95 20 25 0.00246544 -0.0145485 -2.20284e-05
55 20 20 0.000956438 -0.00350299 1.48917e-16
60 20 20 0.001294 -0.00451621 1.75378e-16
65 20 20 0.00157914 -0.00566269 2.0254e-16
70 20 20 0.00182737 -0.00692879 2.32189e-16
75 20 20 0.00203782 -0.00830618 2.61727e-16
80 20 20 0.00220901 -0.00977892 2.94497e-16
85 20 20 0.00233836 -0.0113284 3.2554e-16
90 20 20 0.00242246 -0.0129307 3.54886e-16
95 20 20 0.0024622 -0.0145526 3.82798e-16
55 20 15 0.000957645 -0.00348928 7.02136e-05
60 20 15 0.00129618 -0.004501 7.43964e-05
65 20 15 0.00158194 -0.00564737 7.07975e-05
70 20 15 0.0018305 -0.00691447 6.29168e-05
75 20 15 0.00204125 -0.00829363 5.32216e-05
80 20 15 0.00221276 -0.00976857 4.31156e-05
85 20 15 0.00234226 -0.0113205 3.3721e-05
90 20 15 0.00242616 -0.0129249 2.62727e-05
95 20 15 0.00246544 -0.0145485 2.20284e-05
55 20 10 0.00096204 -0.00344594 0.000149614
60 20 10 0.00130275 -0.0044532 0.000155089
65 20 10 0.00158937 -0.00559966 0.000144887
70 20 10 0.00183822 -0.0068705 0.000127662
75 20 10 0.00204974 -0.00825538 0.000107625
80 20 10 0.00222234 -0.00973726 8.67498e-05
85 20 10 0.00235256 -0.0112966 6.70348e-05
90 20 10 0.00243609 -0.0129082 5.11047e-05
95 20 10 0.00247385 -0.0145367 4.18544e-05
55 20 5 0.000973414 -0.00336602 0.000248257
60 20 5 0.00131259 -0.00436478 0.000244663
65 20 5 0.00159614 -0.00551513 0.000222952
70 20 5 0.00184425 -0.00679425 0.000195166
75 20 5 0.00205666 -0.0081899 0.00016412
80 20 5 0.00223122 -0.00968426 0.000131646
85 20 5 0.00236356 -0.0112572 9.99645e-05
90 20 5 0.00244754 -0.0128818 7.33147e-05
95 20 5 0.00248302 -0.0145195 5.70345e-05
55 0 35 -0.00238254 -0.00343941 0.000225326
60 0 35 -0.00270627 -0.00439583 0.000221415
65 0 35 -0.00300118 -0.00552216 0.000209142
70 0 35 -0.00325726 -0.00679401 0.00018966
75 0 35 -0.00347213 -0.00818626 0.000164968
80 0 35 -0.00364749 -0.00967612 0.000136571
85 0 35 -0.00378766 -0.0112436 0.000104375
90 0 35 -0.00390482 -0.0128757 6.46722e-05
95 0 35 -0.00401162 -0.0145794 -1.4893e-06
55 0 30 -0.00239211 -0.00352162 0.000140088
60 0 30 -0.00271147 -0.00448063 0.000138975
65 0 30 -0.00300253 -0.00560475 0.000133095
70 0 30 -0.00325625 -0.00687019 0.000122424
75 0 30 -0.00347043 -0.00825318 0.000107687
80 0 30 -0.00364657 -0.00973222 8.94424e-05
85 0 30 -0.0037881 -0.0112876 6.71386e-05
90 0 30 -0.00390255 -0.012907 3.77313e-05
95 0 30 -0.00399325 -0.0145766 3.88751e-06
55 0 25 -0.00239941 -0.00356526 6.6722e-05
60 0 25 -0.00271546 -0.00452694 6.65808e-05
65 0 25 -0.00300315 -0.00565105 6.43456e-05
70 0 25 -0.00325434 -0.00691381 5.97495e-05
75 0 25 -0.00346718 -0.00829205 5.29326e-05
80 0 25 -0.00364276 -0.00976497 4.39931e-05
85 0 25 -0.00378327 -0.0113133 3.24932e-05
90 0 25 -0.00389434 -0.0129239 1.84591e-05
95 0 25 -0.00398412 -0.0145869 5.02985e-06
55 0 20 -0.00240208 -0.00357888 1.8401e-16
60 0 20 -0.00271698 -0.00454161 2.09217e-16
65 0 20 -0.00300343 -0.00566592 2.35919e-16
70 0 20 -0.00325361 -0.00692797 2.65929e-16
75 0 20 -0.00346582 -0.00830477 2.96112e-16
80 0 20 -0.00364101 -0.00977573 3.19972e-16
85 0 20 -0.00378086 -0.0113217 3.50917e-16
90 0 20 -0.0038913 -0.01293 3.73594e-16
95 0 20 -0.00398101 -0.0145903 3.95202e-16
55 0 15 -0.00239941 -0.00356526 -6.6722e-05
60 0 15 -0.00271546 -0.00452694 -6.65808e-05
65 0 15 -0.00300315 -0.00565105 -6.43456e-05
70 0 15 -0.00325434 -0.00691381 -5.97495e-05
75 0 15 -0.00346718 -0.00829205 -5.29326e-05
80 0 15 -0.00364276 -0.00976497 -4.39931e-05
85 0 15 -0.00378327 -0.0113133 -3.24932e-05
90 0 15 -0.00389434 -0.0129239 -1.84591e-05
95 0 15 -0.00398412 -0.0145869 -5.02985e-06
55 0 10 -0.00239211 -0.00352162 -0.000140088
60 0 10 -0.00271147 -0.00448063 -0.000138975
65 0 10 -0.00300253 -0.00560475 -0.000133095
70 0 10 -0.00325625 -0.00687019 -0.000122424
75 0 10 -0.00347043 -0.00825318 -0.000107687
80 0 10 -0.00364657 -0.00973222 -8.94424e-05
85 0 10 -0.0037881 -0.0112876 -6.71386e-05
90 0 10 -0.00390255 -0.012907 -3.77313e-05
95 0 10 -0.00399325 -0.0145766 -3.88751e-06
55 0 5 -0.00238254 -0.00343941 -0.000225326
60 0 5 -0.00270627 -0.00439583 -0.000221415
65 0 5 -0.00300118 -0.00552216 -0.000209142
70 0 5 -0.00325726 -0.00679401 -0.00018966
75 0 5 -0.00347213 -0.00818626 -0.000164968
80 0 5 -0.00364749 -0.00967612 -0.000136571
85 0 5 -0.00378766 -0.0112436 -0.000104375
90 0 5 -0.00390482 -0.0128757 -6.46722e-05
95 0 5 -0.00401162 -0.0145794 1.4893e-06
50 15 35 2.97363e-05 -0.00247695 -0.000115682
50 15 30 1.34301e-05 -0.00253169 -6.87547e-05
50 15 25 7.10821e-06 -0.00256267 -3.17065e-05
50 15 20 5.36272e-06 -0.00257261 1.32758e-16
50 15 15 7.10821e-06 -0.00256267 3.17065e-05
50 15 10 1.34301e-05 -0.00253169 6.87547e-05
50 15 5 2.97363e-05 -0.00247695 0.000115682
50 10 35 -0.000645561 -0.00252939 -1.75146e-06
50 10 30 -0.000657779 -0.00259396 -8.7065e-07
50 10 25 -0.000664477 -0.00262728 1.66561e-07
50 10 20 -0.000666585 -0.00263773 1.41925e-16
50 10 15 -0.000664477 -0.00262728 -1.66561e-07
50 10 10 -0.000657779 -0.00259396 8.7065e-07
50 10 5 -0.000645561 -0.00252939 1.75146e-06
50 5 35 -0.00135181 -0.00258453 0.000114029
50 5 30 -0.00136092 -0.00265562 7.23716e-05
50 5 25 -0.00136775 -0.0026919 3.50529e-05
50 5 20 -0.00137016 -0.00270301 1.52029e-16
50 5 15 -0.00136775 -0.0026919 -3.50529e-05
50 5 10 -0.00136092 -0.00265562 -7.23716e-05
50 5 5 -0.00135181 -0.00258453 -0.000114029
100 15 35 0.000889551 -0.0161437 -4.26555e-05
100 15 30 0.000883445 -0.0161597 -3.02265e-05
100 15 25 0.000878352 -0.0161695 -1.56758e-05
100 15 20 0.000876513 -0.0161727 4.0954e-16
100 15 15 0.000878352 -0.0161695 1.56758e-05
100 15 10 0.000883445 -0.0161597 3.02265e-05
100 15 5 0.000889551 -0.0161437 4.26555e-05
100 10 35 -0.000688265 -0.0161911 -3.56644e-05
100 10 30 -0.000699799 -0.0162006 -1.8397e-05
100 10 25 -0.000703817 -0.0162075 -9.07245e-06
100 10 20 -0.000704671 -0.016211 4.12011e-16
100 10 15 -0.000703817 -0.0162075 9.07245e-06
100 10 10 -0.000699799 -0.0162006 1.8397e-05
100 10 5 -0.000688265 -0.0161911 3.56644e-05
100 5 35 -0.00229967 -0.0163136 -1.88874e-05
100 5 30 -0.00230902 -0.0163009 -1.16144e-05
100 5 25 -0.00230824 -0.0163082 -3.46549e-06
100 5 20 -0.00230786 -0.0163104 4.1731e-16
100 5 15 -0.00230824 -0.0163082 3.46549e-06
100 5 10 -0.00230902 -0.0163009 1.16144e-05
100 5 5 -0.00229967 -0.0163136 1.88874e-05
55 15 40 0.00013939 -0.00315294 -0.000176045
60 15 40 0.000272889 -0.00416713 -0.000174609
65 15 40 0.000407052 -0.00533051 -0.000155502
70 15 40 0.000529034 -0.00663085 -0.000134113
75 15 40 0.000635074 -0.00805065 -0.000111728
80 15 40 0.00072457 -0.00957156 -8.96564e-05
85 15 40 0.000798387 -0.0111739 -6.96592e-05
90 15 40 0.000854814 -0.0128323 -5.53348e-05
95 15 40 0.000887487 -0.0145054 -5.07785e-05
55 10 40 -0.000675233 -0.00317605 -1.16693e-05
60 10 40 -0.00070449 -0.00415552 -1.04043e-05
65 10 40 -0.000711815 -0.00531256 -7.47027e-06
70 10 40 -0.000712164 -0.00661282 -3.55458e-06
75 10 40 -0.000709987 -0.00803421 -9.79673e-07
80 10 40 -0.000704942 -0.00955556 -4.03558e-07
85 10 40 -0.000693999 -0.0111563 -3.70612e-06
90 10 40 -0.000672311 -0.0128216 -1.29094e-05
95 10 40 -0.000656473 -0.0145286 -3.20038e-05
55 5 40 -0.00151909 -0.00322507 0.000156123
60 5 40 -0.00168207 -0.00418955 0.000150717
65 5 40 -0.00182654 -0.00533423 0.000141532
70 5 40 -0.00195031 -0.00662917 0.000127773
75 5 40 -0.00205421 -0.00804651 0.000110761
80 5 40 -0.00213761 -0.00956235 9.08421e-05
85 5 40 -0.00219855 -0.0111562 6.73239e-05
90 5 40 -0.00223284 -0.0128098 3.42461e-05
95 5 40 -0.00221745 -0.014557 -9.69695e-06
55 15 0 0.00013939 -0.00315294 0.000176045
60 15 0 0.000272889 -0.00416713 0.000174609
65 15 0 0.000407052 -0.00533051 0.000155502
70 15 0 0.000529034 -0.00663085 0.000134113
75 15 0 0.000635074 -0.00805065 0.000111728
80 15 0 0.00072457 -0.00957156 8.96564e-05
85 15 0 0.000798387 -0.0111739 6.96592e-05
90 15 0 0.000854814 -0.0128323 5.53348e-05
95 15 0 0.000887487 -0.0145054 5.07785e-05
55 10 0 -0.000675233 -0.00317605 1.16693e-05
60 10 0 -0.00070449 -0.00415552 1.04043e-05
65 10 0 -0.000711815 -0.00531256 7.47027e-06
70 10 0 -0.000712164 -0.00661282 3.55458e-06
75 10 0 -0.000709987 -0.00803421 9.79673e-07
80 10 0 -0.000704942 -0.00955556 4.03558e-07
85 10 0 -0.000693999 -0.0111563 3.70612e-06
90 10 0 -0.000672311 -0.0128216 1.29094e-05
95 10 0 -0.000656473 -0.0145286 3.20038e-05
55 5 0 -0.00151909 -0.00322507 -0.000156123
60 5 0 -0.00168207 -0.00418955 -0.000150717
65 5 0 -0.00182654 -0.00533423 -0.000141532
70 5 0 -0.00195031 -0.00662917 -0.000127773
75 5 0 -0.00205421 -0.00804651 -0.000110761
80 5 0 -0.00213761 -0.00956235 -9.08421e-05
85 5 0 -0.00219855 -0.0111562 -6.73239e-05
90 5 0 -0.00223284 -0.0128098 -3.42461e-05
95 5 0 -0.00221745 -0.014557 9.69695e-06
5 40 35 0.000185801 -0.000125302 -7.14601e-05
10 40 35 0.000369978 -0.000231908 -0.000111695
15 40 35 0.000539326 -0.000381925 -0.000122547
20 40 35 0.000695179 -0.000576878 -0.000119154
25 40 35 0.000832683 -0.000814458 -0.000107196
30 40 35 0.000944665 -0.00108709 -9.0936e-05
35 40 35 0.00102257 -0.00138026 -7.41348e-05
40 40 35 0.00106238 -0.0016715 -6.04986e-05
45 40 35 0.0010718 -0.00193691 -5.22223e-05
5 40 30 0.00018935 -0.000138555 -4.0574e-05
10 40 30 0.00036566 -0.000252153 -6.65871e-05
15 40 30 0.000534781 -0.000405503 -7.77109e-05
20 40 30 0.000691295 -0.000599613 -7.74432e-05
25 40 30 0.000828887 -0.000834057 -7.10617e-05
30 40 30 0.000940261 -0.0011019 -6.20198e-05
35 40 30 0.00101764 -0.0013894 -5.31467e-05
40 40 30 0.00105816 -0.00167534 -4.65669e-05
45 40 30 0.00106985 -0.00193746 -4.33063e-05
5 40 25 0.000191434 -0.00014463 -1.86518e-05
10 40 25 0.000366142 -0.000262805 -3.11034e-05
15 40 25 0.000532421 -0.000418213 -3.72036e-05
20 40 25 0.000687782 -0.000612626 -3.79753e-05
25 40 25 0.000824735 -0.000845945 -3.54427e-05
30 40 25 0.000935704 -0.00111188 -3.16223e-05
35 40 25 0.00101311 -0.00139725 -2.80098e-05
40 40 25 0.00105442 -0.00168151 -2.56333e-05
45 40 25 0.00106777 -0.0019432 -2.49564e-05
5 40 20 0.000192297 -0.000146483 -1.98407e-18
10 40 20 0.000366404 -0.000266023 1.72371e-19
15 40 20 0.000531847 -0.000422262 4.80545e-18
20 40 20 0.000686506 -0.000616846 1.19713e-17
25 40 20 0.000823143 -0.000849949 2.06692e-17
30 40 20 0.000933976 -0.00111543 3.06281e-17
35 40 20 0.00101145 -0.00140032 4.26703e-17
40 40 20 0.00105308 -0.00168433 5.48843e-17
45 40 20 0.00106707 -0.00194616 6.70934e-17
5 40 15 0.000191434 -0.00014463 1.86518e-05
10 40 15 0.000366142 -0.000262805 3.11034e-05
15 40 15 0.000532421 -0.000418213 3.72036e-05
20 40 15 0.000687782 -0.000612626 3.79753e-05
25 40 15 0.000824735 -0.000845945 3.54427e-05
30 40 15 0.000935704 -0.00111188 3.16223e-05
35 40 15 0.00101311 -0.00139725 2.80098e-05
40 40 15 0.00105442 -0.00168151 2.56333e-05
45 40 15 0.00106777 -0.0019432 2.49564e-05
5 40 10 0.00018935 -0.000138555 4.0574e-05
10 40 10 0.00036566 -0.000252153 6.65871e-05
15 40 10 0.000534781 -0.000405503 7.77109e-05
20 40 10 0.000691295 -0.000599613 7.74432e-05
25 40 10 0.000828887 -0.000834057 7.10617e-05
30 40 10 0.000940261 -0.0011019 6.20198e-05
35 40 10 0.00101764 -0.0013894 5.31467e-05
40 40 10 0.00105816 -0.00167534 4.65669e-05
45 40 10 0.00106985 -0.00193746 4.33063e-05
5 40 5 0.000185801 -0.000125302 7.14601e-05
10 40 5 0.000369978 -0.000231908 0.000111695
15 40 5 0.000539326 -0.000381925 0.000122547
20 40 5 0.000695179 -0.000576878 0.000119154
25 40 5 0.000832683 -0.000814458 0.000107196
30 40 5 0.000944665 -0.00108709 9.0936e-05
35 40 5 0.00102257 -0.00138026 7.41348e-05
40 40 5 0.00106238 -0.0016715 6.04986e-05
45 40 5 0.0010718 -0.00193691 5.22223e-05
5 0 35 -0.000180162 -0.000117087 7.36662e-05
10 0 35 -0.000361756 -0.000211002 0.00012014
15 0 35 -0.000533344 -0.000341833 0.000141407
20 0 35 -0.000700759 -0.0005106 0.000153392
25 0 35 -0.000868363 -0.000716952 0.00016249
30 0 35 -0.001044 -0.000962039 0.000172501
35 0 35 -0.00123938 -0.00125358 0.000184676
40 0 35 -0.00146835 -0.00161103 0.00019833
45 0 35 -0.00174026 -0.00206808 0.000211423
5 0 30 -0.000183214 -0.000130591 4.28419e-05
10 0 30 -0.000356983 -0.000232934 7.33568e-05
15 0 30 -0.000529191 -0.000369881 9.17618e-05
20 0 30 -0.000699403 -0.000542434 0.000101787
25 0 30 -0.000870664 -0.000752729 0.000108593
30 0 30 -0.00105031 -0.00100294 0.000114692
35 0 30 -0.00124961 -0.00130139 0.000120972
40 0 30 -0.00148162 -0.00166756 0.000127254
45 0 30 -0.00175465 -0.00213432 0.000133001
5 0 25 -0.000185506 -0.000137006 2.00552e-05
10 0 25 -0.000358299 -0.000244862 3.4878e-05
15 0 25 -0.000528878 -0.000385451 4.46844e-05
20 0 25 -0.000699933 -0.000560755 5.0527e-05
25 0 25 -0.000873276 -0.000773391 5.41878e-05
30 0 25 -0.0010555 -0.00102618 5.70358e-05
35 0 25 -0.00125728 -0.00132774 5.95615e-05
40 0 25 -0.00149113 -0.00169767 6.18155e-05
45 0 25 -0.00176491 -0.00216882 6.37967e-05
5 0 20 -0.000186516 -0.000138997 4.22373e-18
10 0 20 -0.000359013 -0.00024853 1.19337e-17
15 0 20 -0.000529257 -0.000390456 2.27454e-17
20 0 20 -0.000700357 -0.000566675 3.6177e-17
25 0 20 -0.000874326 -0.000780103 5.13268e-17
30 0 20 -0.00105738 -0.00103366 6.86637e-17
35 0 20 -0.00125996 -0.0013361 8.83235e-17
40 0 20 -0.00149442 -0.00170706 1.09969e-16
45 0 20 -0.00176848 -0.00217945 1.33423e-16
5 0 15 -0.000185506 -0.000137006 -2.00552e-05
10 0 15 -0.000358299 -0.000244862 -3.4878e-05
15 0 15 -0.000528878 -0.000385451 -4.46844e-05
20 0 15 -0.000699933 -0.000560755 -5.0527e-05
25 0 15 -0.000873276 -0.000773391 -5.41878e-05
30 0 15 -0.0010555 -0.00102618 -5.70358e-05
35 0 15 -0.00125728 -0.00132774 -5.95615e-05
40 0 15 -0.00149113 -0.00169767 -6.18155e-05
45 0 15 -0.00176491 -0.00216882 -6.37967e-05
5 0 10 -0.000183214 -0.000130591 -4.28419e-05
10 0 10 -0.000356983 -0.000232934 -7.33568e-05
15 0 10 -0.000529191 -0.000369881 -9.17618e-05
20 0 10 -0.000699403 -0.000542434 -0.000101787
25 0 10 -0.000870664 -0.000752729 -0.000108593
30 0 10 -0.00105031 -0.00100294 -0.000114692
35 0 10 -0.00124961 -0.00130139 -0.000120972
40 0 10 -0.00148162 -0.00166756 -0.000127254
45 0 10 -0.00175465 -0.00213432 -0.000133001
5 0 5 -0.000180162 -0.000117087 -7.36662e-05
10 0 5 -0.000361756 -0.000211002 -0.00012014
15 0 5 -0.000533344 -0.000341833 -0.000141407
20 0 5 -0.000700759 -0.0005106 -0.000153392
25 0 5 -0.000868363 -0.000716952 -0.00016249
30 0 5 -0.001044 -0.000962039 -0.000172501
35 0 5 -0.00123938 -0.00125358 -0.000184676
40 0 5 -0.00146835 -0.00161103 -0.00019833
45 0 5 -0.00174026 -0.00206808 -0.000211423
0 35 35 1.40477e-24 -8.23883e-26 -2.06695e-25
0 35 30 1.3799e-24 -1.25369e-25 -1.40581e-25
0 35 25 1.39707e-24 -1.40882e-25 -6.39899e-26
0 35 20 1.40254e-24 -1.4528e-25 -8.43165e-39
0 35 15 1.39707e-24 -1.40882e-25 6.39899e-26
0 35 10 1.3799e-24 -1.25369e-25 1.40581e-25
0 35 5 1.40477e-24 -8.23883e-26 2.06695e-25
0 30 35 8.7047e-25 -1.75478e-26 -1.35378e-25
0 30 30 8.46518e-25 -6.79959e-26 -9.17197e-26
0 30 25 8.5256e-25 -8.66375e-26 -4.17743e-26
0 30 20 8.5449e-25 -9.20004e-26 -2.09779e-39
0 30 15 8.5256e-25 -8.66375e-26 4.17743e-26
0 30 10 8.46518e-25 -6.79959e-26 9.17197e-26
0 30 5 8.7047e-25 -1.75478e-26 1.35378e-25
0 25 35 4.21317e-25 3.0335e-26 -6.73529e-26
0 25 30 4.108e-25 -2.0522e-26 -4.553e-26
0 25 25 4.14146e-25 -3.95049e-26 -2.07015e-26
0 25 20 4.1514e-25 -4.49991e-26 1.74631e-39
0 25 15 4.14146e-25 -3.95049e-26 2.07015e-26
0 25 10 4.108e-25 -2.0522e-26 4.553e-26
0 25 5 4.21317e-25 3.0335e-26 6.73529e-26
0 20 35 -1.18463e-26 4.90153e-26 1.57797e-27
0 20 30 -7.3466e-27 -2.8961e-27 1.07828e-27
0 20 25 -5.44008e-27 -2.24692e-26 4.81734e-28
0 20 20 -4.86691e-27 -2.81642e-26 4.66315e-39
0 20 15 -5.44008e-27 -2.24692e-26 -4.81734e-28
0 20 10 -7.3466e-27 -2.8961e-27 -1.07828e-27
0 20 5 -1.18463e-26 4.90153e-26 -1.57797e-27
0 15 35 -4.45934e-25 4.52611e-26 7.04224e-26
0 15 30 -4.25567e-25 -7.5516e-27 4.78833e-26
0 15 25 -4.24808e-25 -2.77429e-26 2.1876e-26
0 15 20 -4.24605e-25 -3.36212e-26 7.08783e-39
0 15 15 -4.24808e-25 -2.77429e-26 -2.1876e-26
0 15 10 -4.25567e-25 -7.5516e-27 -4.78833e-26
0 15 5 -4.45934e-25 4.52611e-26 -7.04224e-26
0 10 35 -8.92138e-25 3.29734e-27 1.3805e-25
0 10 30 -8.56362e-25 -4.98206e-26 9.46915e-26
0 10 25 -8.57784e-25 -7.01822e-26 4.36289e-26
0 10 20 -8.58482e-25 -7.60849e-26 9.1856e-39
0 10 15 -8.57784e-25 -7.01822e-26 -4.36289e-26
0 10 10 -8.56362e-25 -4.98206e-26 -9.46915e-26
0 10 5 -8.92138e-25 3.29734e-27 -1.3805e-25
0 5 35 -1.40205e-24 -6.91013e-26 2.08419e-25
0 5 30 -1.36409e-24 -1.13269e-25 1.44752e-25
0 5 25 -1.37702e-24 -1.29774e-25 6.71073e-26
0 5 20 -1.38162e-24 -1.34478e-25 1.03832e-38
0 5 15 -1.37702e-24 -1.29774e-25 -6.71073e-26
0 5 10 -1.36409e-24 -1.13269e-25 -1.44752e-25
0 5 5 -1.40205e-24 -6.91013e-26 -2.08419e-25
50 35 35 0.000844512 -0.00217085 -6.19072e-05
50 35 30 0.000842318 -0.0021768 -4.85907e-05
50 35 25 0.000840362 -0.00218794 -2.65009e-05
50 35 20 0.000839759 -0.00219292 8.84959e-17
50 35 15 0.000840362 -0.00218794 2.65009e-05
50 35 10 0.000842318 -0.0021768 4.85907e-05
50 35 5 0.000844512 -0.00217085 6.19072e-05
50 30 35 0.000652223 -0.00217384 -9.36398e-05
50 30 30 0.000642386 -0.00219109 -6.86798e-05
50 30 25 0.00063809 -0.00220855 -3.50773e-05
50 30 20 0.00063689 -0.00221505 9.70545e-17
50 30 15 0.00063809 -0.00220855 3.50773e-05
50 30 10 0.000642386 -0.00219109 6.86798e-05
50 30 5 0.000652223 -0.00217384 9.36398e-05
50 25 35 0.000493742 -0.00222452 -0.000145611
50 25 30 0.000476923 -0.00226178 -9.17448e-05
50 25 25 0.000470842 -0.00228523 -4.37118e-05
50 25 20 0.000469292 -0.00229339 1.07021e-16
50 25 15 0.000470842 -0.00228523 4.37118e-05
50 25 10 0.000476923 -0.00226178 9.17448e-05
50 25 5 0.000493742 -0.00222452 0.000145611
5 35 40 0.000138552 -4.79678e-05 -9.44021e-05
10 35 40 0.000267252 -0.000153119 -0.000120258
15 35 40 0.00038397 -0.000303031 -0.000126705
20 35 40 0.000494156 -0.000503455 -0.000121952
25 35 40 0.000595993 -0.000751021 -0.000111232
30 35 40 0.000686388 -0.00103891 -9.81236e-05
35 35 40 0.000760674 -0.00135329 -8.58933e-05
40 35 40 0.000811877 -0.00166902 -7.76564e-05
45 35 40 0.000836687 -0.00195317 -7.24491e-05
5 30 40 8.78085e-05 -2.35872e-05 -6.35261e-05
10 30 40 0.000168159 -0.000119179 -8.02542e-05
15 30 40 0.000248563 -0.000269147 -8.51234e-05
20 30 40 0.000328356 -0.000468942 -8.30259e-05
25 30 40 0.000408035 -0.000715896 -7.91207e-05
30 30 40 0.000487477 -0.00100462 -7.67893e-05
35 30 40 0.000563818 -0.00132546 -7.91526e-05
40 30 40 0.000627327 -0.00166161 -8.70791e-05
45 30 40 0.000656134 -0.00197201 -0.000100902
5 25 40 4.25907e-05 -1.14095e-05 -3.11599e-05
10 25 40 8.30062e-05 -9.76953e-05 -3.94328e-05
15 25 40 0.000126687 -0.000242113 -4.18973e-05
20 25 40 0.000175674 -0.00043705 -4.22098e-05
25 25 40 0.000231954 -0.000677836 -4.40032e-05
30 25 40 0.000298452 -0.00096069 -5.09159e-05
35 25 40 0.000376777 -0.00128125 -6.6952e-05
40 25 40 0.000463901 -0.00163184 -9.61279e-05
45 25 40 0.000540864 -0.00199924 -0.000134909
5 20 40 -8.60008e-07 -5.95147e-06 1.57223e-06
10 20 40 9.92258e-07 -8.64189e-05 2.67729e-06
15 20 40 7.24021e-06 -0.000224363 3.22845e-06
20 20 40 2.0824e-05 -0.000411024 2.04581e-06
25 20 40 4.59348e-05 -0.000640966 -2.94609e-06
30 20 40 8.79178e-05 -0.000911149 -1.5144e-05
35 20 40 0.000153129 -0.00122011 -3.95623e-05
40 20 40 0.000249388 -0.00156777 -8.38662e-05
45 20 40 0.000392486 -0.00194915 -0.000159988
5 15 40 -4.50121e-05 -6.90611e-06 3.44582e-05
10 15 40 -8.34532e-05 -8.61356e-05 4.54258e-05
15 15 40 -0.000118048 -0.000219074 5.00826e-05
20 15 40 -0.000146133 -0.000396822 5.00548e-05
25 15 40 -0.000162985 -0.000614124 4.53715e-05
30 15 40 -0.000163322 -0.000868494 3.3783e-05
35 15 40 -0.000140963 -0.00116029 1.09556e-05
40 15 40 -8.97441e-05 -0.00149314 -2.90344e-05
45 15 40 -1.14038e-05 -0.00187667 -9.1635e-05
5 10 40 -9.14729e-05 -1.65104e-05 6.70234e-05
10 10 40 -0.000173641 -9.9879e-05 8.77581e-05
15 10 40 -0.000253045 -0.000229986 9.77358e-05
20 10 40 -0.000327547 -0.000400203 0.000100766
25 10 40 -0.000395253 -0.000607031 9.98155e-05
30 10 40 -0.000453704 -0.000848428 9.4421e-05
35 10 40 -0.000500733 -0.00112699 8.23862e-05
40 10 40 -0.000537668 -0.00145384 6.08034e-05
45 10 40 -0.000575461 -0.00185935 2.99386e-05
5 5 40 -0.000141787 -4.07273e-05 9.75866e-05
10 5 40 -0.000274309 -0.000131203 0.000129143
15 5 40 -0.000397186 -0.00025781 0.000144607
20 5 40 -0.000518227 -0.000423841 0.000152308
25 5 40 -0.000638914 -0.000625296 0.000157256
30 5 40 -0.000761104 -0.000860778 0.000161436
35 5 40 -0.000887848 -0.00113508 0.000164806
40 5 40 -0.00102444 -0.00146581 0.000165919
45 5 40 -0.00117711 -0.00189033 0.000163734
5 35 0 0.000138552 -4.79678e-05 9.44021e-05
10 35 0 0.000267252 -0.000153119 0.000120258
15 35 0 0.00038397 -0.000303031 0.000126705
20 35 0 0.000494156 -0.000503455 0.000121952
25 35 0 0.000595993 -0.000751021 0.000111232
30 35 0 0.000686388 -0.00103891 9.81236e-05
35 35 0 0.000760674 -0.00135329 8.58933e-05
40 35 0 0.000811877 -0.00166902 7.76564e-05
45 35 0 0.000836687 -0.00195317 7.24491e-05
5 30 0 8.78085e-05 -2.35872e-05 6.35261e-05
10 30 0 0.000168159 -0.000119179 8.02542e-05
15 30 0 0.000248563 -0.000269147 8.51234e-05
20 30 0 0.000328356 -0.000468942 8.30259e-05
25 30 0 0.000408035 -0.000715896 7.91207e-05
30 30 0 0.000487477 -0.00100462 7.67893e-05
35 30 0 0.000563818 -0.00132546 7.91526e-05
40 30 0 0.000627327 -0.00166161 8.70791e-05
45 30 0 0.000656134 -0.00197201 0.000100902
5 25 0 4.25907e-05 -1.14095e-05 3.11599e-05
10 25 0 8.30062e-05 -9.76953e-05 3.94328e-05
15 25 0 0.000126687 -0.000242113 4.18973e-05
20 25 0 0.000175674 -0.00043705 4.22098e-05
25 25 0 0.000231954 -0.000677836 4.40032e-05
30 25 0 0.000298452 -0.00096069 5.09159e-05
35 25 0 0.000376777 -0.00128125 6.6952e-05
40 25 0 0.000463901 -0.00163184 9.61279e-05
45 25 0 0.000540864 -0.00199924 0.000134909
5 20 0 -8.60008e-07 -5.95147e-06 -1.57223e-06
10 20 0 9.92258e-07 -8.64189e-05 -2.67729e-06
15 20 0 7.24021e-06 -0.000224363 -3.22845e-06
20 20 0 2.0824e-05 -0.000411024 -2.04581e-06
25 20 0 4.59348e-05 -0.000640966 2.94609e-06
30 20 0 8.79178e-05 -0.000911149 1.5144e-05
35 20 0 0.000153129 -0.00122011 3.95623e-05
40 20 0 0.000249388 -0.00156777 8.38662e-05
45 20 0 0.000392486 -0.00194915 0.000159988
5 15 0 -4.50121e-05 -6.90611e-06 -3.44582e-05
10 15 0 -8.34532e-05 -8.61356e-05 -4.54258e-05
15 15 0 -0.000118048 -0.000219074 -5.00826e-05
20 15 0 -0.000146133 -0.000396822 -5.00548e-05
25 15 0 -0.000162985 -0.000614124 -4.53715e-05
30 15 0 -0.000163322 -0.000868494 -3.3783e-05
35 15 0 -0.000140963 -0.00116029 -1.09556e-05
40 15 0 -8.97441e-05 -0.00149314 2.90344e-05
45 15 0 -1.14038e-05 -0.00187667 9.1635e-05
5 10 0 -9.14729e-05 -1.65104e-05 -6.70234e-05
10 10 0 -0.000173641 -9.9879e-05 -8.77581e-05
15 10 0 -0.000253045 -0.000229986 -9.77358e-05
20 10 0 -0.000327547 -0.000400203 -0.000100766
25 10 0 -0.000395253 -0.000607031 -9.98155e-05
30 10 0 -0.000453704 -0.000848428 -9.4421e-05
35 10 0 -0.000500733 -0.00112699 -8.23862e-05
40 10 0 -0.000537668 -0.00145384 -6.08034e-05
45 10 0 -0.000575461 -0.00185935 -2.99386e-05
5 5 0 -0.000141787 -4.07273e-05 -9.75866e-05
10 5 0 -0.000274309 -0.000131203 -0.000129143
15 5 0 -0.000397186 -0.00025781 -0.000144607
20 5 0 -0.000518227 -0.000423841 -0.000152308
25 5 0 -0.000638914 -0.000625296 -0.000157256
30 5 0 -0.000761104 -0.000860778 -0.000161436
35 5 0 -0.000887848 -0.00113508 -0.000164806
40 5 0 -0.00102444 -0.00146581 -0.000165919
45 5 0 -0.00117711 -0.00189033 -0.000163734
55 15 35 0.000121576 -0.00328415 -0.000130736
60 15 35 0.000275244 -0.0043017 -0.000129323
65 15 35 0.000417244 -0.00545511 -0.000116417
70 15 35 0.000541836 -0.00674203 -0.000100146
75 15 35 0.000648335 -0.0081456 -8.31062e-05
80 15 35 0.000736613 -0.00964821 -6.64741e-05
85 15 35 0.000806864 -0.0112305 -5.19035e-05
90 15 35 0.000857659 -0.0128684 -4.17267e-05
95 15 35 0.000884786 -0.0145236 -3.87647e-05
55 15 30 0.000105468 -0.00335881 -8.21401e-05
60 15 30 0.000266854 -0.00438609 -8.40264e-05
65 15 30 0.000414115 -0.00553756 -7.68206e-05
70 15 30 0.00054117 -0.00681737 -6.62993e-05
75 15 30 0.000647967 -0.00821093 -5.49059e-05
80 15 30 0.000735084 -0.00970165 -4.39628e-05
85 15 30 0.000803213 -0.0112709 -3.47163e-05
90 15 30 0.000851738 -0.0128955 -2.86031e-05
95 15 30 0.000878027 -0.0145406 -2.67507e-05
55 15 25 9.71595e-05 -0.00339829 -3.88258e-05
60 15 25 0.00025969 -0.0044316 -4.08742e-05
65 15 25 0.000408805 -0.0055838 -3.79664e-05
70 15 25 0.000537041 -0.00686062 -3.29278e-05
75 15 25 0.000644026 -0.00824897 -2.72859e-05
80 15 25 0.000730592 -0.00973313 -2.19073e-05
85 15 25 0.000797919 -0.0112951 -1.7485e-05
90 15 25 0.000845922 -0.0129126 -1.46337e-05
95 15 25 0.000872157 -0.0145525 -1.38507e-05
55 15 20 9.46358e-05 -0.00341083 1.57733e-16
60 15 20 0.000257202 -0.00444599 1.86554e-16
65 15 20 0.000406617 -0.00559861 2.12414e-16
70 15 20 0.000535151 -0.00687468 2.44428e-16
75 15 20 0.0006422 -0.00826143 2.73219e-16
80 15 20 0.000728637 -0.00974352 3.02022e-16
85 15 20 0.000795806 -0.0113032 3.32411e-16
90 15 20 0.000843746 -0.0129185 3.59487e-16
95 15 20 0.000870103 -0.0145568 3.87734e-16
55 15 15 9.71595e-05 -0.00339829 3.88258e-05
60 15 15 0.00025969 -0.0044316 4.08742e-05
65 15 15 0.000408805 -0.0055838 3.79664e-05
70 15 15 0.000537041 -0.00686062 3.29278e-05
75 15 15 0.000644026 -0.00824897 2.72859e-05
80 15 15 0.000730592 -0.00973313 2.19073e-05
85 15 15 0.000797919 -0.0112951 1.7485e-05
90 15 15 0.000845922 -0.0129126 1.46337e-05
95 15 15 0.000872157 -0.0145525 1.38507e-05
55 15 10 0.000105468 -0.00335881 8.21401e-05
60 15 10 0.000266854 -0.00438609 8.40264e-05
65 15 10 0.000414115 -0.00553756 7.68206e-05
70 15 10 0.00054117 -0.00681737 6.62993e-05
75 15 10 0.000647967 -0.00821093 5.49059e-05
80 15 10 0.000735084 -0.00970165 4.39628e-05
85 15 10 0.000803213 -0.0112709 3.47163e-05
90 15 10 0.000851738 -0.0128955 2.86031e-05
95 15 10 0.000878027 -0.0145406 2.67507e-05
55 15 5 0.000121576 -0.00328415 0.000130736
60 15 5 0.000275244 -0.0043017 0.000129323
65 15 5 0.000417244 -0.00545511 0.000116417
70 15 5 0.000541836 -0.00674203 0.000100146
75 15 5 0.000648335 -0.0081456 8.31062e-05
80 15 5 0.000736613 -0.00964821 6.64741e-05
85 15 5 0.000806864 -0.0112305 5.19035e-05
90 15 5 0.000857659 -0.0128684 4.17267e-05
95 15 5 0.000884786 -0.0145236 3.87647e-05
55 10 35 -0.000685042 -0.00330603 -1.03839e-05
60 10 35 -0.000707753 -0.00428708 -1.02477e-05
65 10 35 -0.000711491 -0.00543663 -7.07673e-06
70 10 35 -0.000711186 -0.00672395 -3.40102e-06
75 10 35 -0.00070992 -0.00812961 -7.55529e-07
80 10 35 -0.000707201 -0.00963343 7.22921e-08
85 10 35 -0.000700504 -0.0112158 -2.0105e-06
90 10 35 -0.000687019 -0.0128598 -8.76962e-06
95 10 35 -0.000676876 -0.0145423 -1.9486e-05
55 10 30 -0.000696344 -0.00338235 -7.0615e-06
60 10 30 -0.000715206 -0.0043692 -7.65066e-06
65 10 30 -0.000715243 -0.00551781 -5.56943e-06
70 10 30 -0.000713276 -0.00679888 -2.79309e-06
75 10 30 -0.000711975 -0.00819513 -6.75772e-07
80 10 30 -0.000710504 -0.00968763 5.43346e-08
85 10 30 -0.000706329 -0.0112574 -1.44758e-06
90 10 30 -0.000696155 -0.0128877 -5.76485e-06
95 10 30 -0.000688886 -0.0145559 -1.21915e-05
55 10 25 -0.000703425 -0.00342218 -3.28539e-06
60 10 25 -0.00072099 -0.00441373 -3.93521e-06
65 10 25 -0.000719077 -0.00556321 -3.02649e-06
70 10 25 -0.000715819 -0.00684176 -1.58853e-06
75 10 25 -0.000714184 -0.00823319 -4.31378e-07
80 10 25 -0.000713126 -0.00971943 -5.43095e-08
85 10 25 -0.000709706 -0.0112821 -8.85051e-07
90 10 25 -0.000700188 -0.012905 -3.11161e-06
95 10 25 -0.00069287 -0.0145672 -6.19005e-06
55 10 20 -0.000705779 -0.0034346 1.67598e-16
60 10 20 -0.000723059 -0.00442776 1.95558e-16
65 10 20 -0.000720584 -0.00557776 2.25652e-16
70 10 20 -0.00071689 -0.00685567 2.52352e-16
75 10 20 -0.000715089 -0.00824564 2.78011e-16
80 10 20 -0.000714079 -0.00972991 3.08989e-16
85 10 20 -0.000710758 -0.0112903 3.3712e-16
90 10 20 -0.000701222 -0.012911 3.6396e-16
95 10 20 -0.000693875 -0.0145714 3.87542e-16
55 10 15 -0.000703425 -0.00342218 3.28539e-06
60 10 15 -0.00072099 -0.00441373 3.93521e-06
65 10 15 -0.000719077 -0.00556321 3.02649e-06
70 10 15 -0.000715819 -0.00684176 1.58853e-06
75 10 15 -0.000714184 -0.00823319 4.31378e-07
80 10 15 -0.000713126 -0.00971943 5.43095e-08
85 10 15 -0.000709706 -0.0112821 8.85051e-07
90 10 15 -0.000700188 -0.012905 3.11161e-06
95 10 15 -0.00069287 -0.0145672 6.19005e-06
55 10 10 -0.000696344 -0.00338235 7.0615e-06
60 10 10 -0.000715206 -0.0043692 7.65066e-06
65 10 10 -0.000715243 -0.00551781 5.56943e-06
70 10 10 -0.000713276 -0.00679888 2.79309e-06
75 10 10 -0.000711975 -0.00819513 6.75772e-07
80 10 10 -0.000710504 -0.00968763 -5.43346e-08
85 10 10 -0.000706329 -0.0112574 1.44758e-06
90 10 10 -0.000696155 -0.0128877 5.76485e-06
95 10 10 -0.000688886 -0.0145559 1.21915e-05
55 10 5 -0.000685042 -0.00330603 1.03839e-05
60 10 5 -0.000707753 -0.00428708 1.02477e-05
65 10 5 -0.000711491 -0.00543663 7.07673e-06
70 10 5 -0.000711186 -0.00672395 3.40102e-06
75 10 5 -0.00070992 -0.00812961 7.55529e-07
80 10 5 -0.000707201 -0.00963343 -7.22921e-08
85 10 5 -0.000700504 -0.0112158 2.0105e-06
90 10 5 -0.000687019 -0.0128598 8.76962e-06
95 10 5 -0.000676876 -0.0145423 1.9486e-05
55 5 35 -0.00152561 -0.00335695 0.000111181
60 5 35 -0.00168931 -0.00432141 0.000108133
65 5 35 -0.00183542 -0.00545869 0.000102582
70 5 35 -0.0019611 -0.00674104 9.38408e-05
75 5 35 -0.00206708 -0.00814287 8.22558e-05
80 5 35 -0.00215314 -0.00964205 6.79915e-05
85 5 35 -0.00221877 -0.0112184 5.00772e-05
90 5 35 -0.00226079 -0.012856 2.67018e-05
95 5 35 -0.00227276 -0.014565 -4.00655e-06
55 5 30 -0.00153374 -0.00343583 7.0381e-05
60 5 30 -0.00169549 -0.00440415 6.86248e-05
65 5 30 -0.00183983 -0.00553993 6.57348e-05
70 5 30 -0.00196468 -0.00681625 6.09103e-05
75 5 30 -0.00207099 -0.00820893 5.399e-05
80 5 30 -0.0021584 -0.0096971 4.47624e-05
85 5 30 -0.00222594 -0.0112615 3.26043e-05
90 5 30 -0.00227099 -0.0128849 1.62536e-05
95 5 30 -0.00228219 -0.0145741 -9.46108e-07
55 5 25 -0.00153972 -0.00347721 3.39401e-05
60 5 25 -0.00169972 -0.004449 3.31206e-05
65 5 25 -0.00184219 -0.00558532 3.19058e-05
70 5 25 -0.00196577 -0.00685923 2.98113e-05
75 5 25 -0.00207165 -0.00824725 2.66051e-05
80 5 25 -0.00215922 -0.00972934 2.20701e-05
85 5 25 -0.00222697 -0.0112867 1.57681e-05
90 5 25 -0.0022711 -0.0129022 7.72856e-06
95 5 25 -0.00228177 -0.0145844 -3.62203e-07
55 5 20 -0.00154184 -0.00349004 1.76474e-16
60 5 20 -0.00170123 -0.00446315 2.03165e-16
65 5 20 -0.00184301 -0.00559986 2.33012e-16
70 5 20 -0.00196606 -0.00687317 2.61218e-16
75 5 20 -0.0020717 -0.00825979 2.85124e-16
80 5 20 -0.00215918 -0.00973994 3.14816e-16
85 5 20 -0.00222669 -0.011295 3.40695e-16
90 5 20 -0.00227054 -0.0129083 3.6697e-16
95 5 20 -0.00228091 -0.0145888 3.91348e-16
55 5 15 -0.00153972 -0.00347721 -3.39401e-05
60 5 15 -0.00169972 -0.004449 -3.31206e-05
65 5 15 -0.00184219 -0.00558532 -3.19058e-05
70 5 15 -0.00196577 -0.00685923 -2.98113e-05
75 5 15 -0.00207165 -0.00824725 -2.66051e-05
80 5 15 -0.00215922 -0.00972934 -2.20701e-05
85 5 15 -0.00222697 -0.0112867 -1.57681e-05
90 5 15 -0.0022711 -0.0129022 -7.72856e-06
95 5 15 -0.00228177 -0.0145844 3.62203e-07
55 5 10 -0.00153374 -0.00343583 -7.0381e-05
60 5 10 -0.00169549 -0.00440415 -6.86248e-05
65 5 10 -0.00183983 -0.00553993 -6.57348e-05
70 5 10 -0.00196468 -0.00681625 -6.09103e-05
75 5 10 -0.00207099 -0.00820893 -5.399e-05
80 5 10 -0.0021584 -0.0096971 -4.47624e-05
85 5 10 -0.00222594 -0.0112615 -3.26043e-05
90 5 10 -0.00227099 -0.0128849 -1.62536e-05
95 5 10 -0.00228219 -0.0145741 9.46108e-07
55 5 5 -0.00152561 -0.00335695 -0.000111181
60 5 5 -0.00168931 -0.00432141 -0.000108133
65 5 5 -0.00183542 -0.00545869 -0.000102582
70 5 5 -0.0019611 -0.00674104 -9.38408e-05
75 5 5 -0.00206708 -0.00814287 -8.22558e-05
80 5 5 -0.00215314 -0.00964205 -6.79915e-05
85 5 5 -0.00221877 -0.0112184 -5.00772e-05
90 5 5 -0.00226079 -0.012856 -2.67018e-05
95 5 5 -0.00227276 -0.014565 4.00655e-06
5 35 35 0.000111805 -6.93731e-05 -5.34219e-05
10 35 35 0.000252269 -0.000184129 -8.47728e-05
15 35 35 0.000380334 -0.000337351 -9.3065e-05
20 35 35 0.000497136 -0.000536199 -9.11028e-05
25 35 35 0.000602269 -0.0007786 -8.39158e-05
30 35 35 0.000693141 -0.00105822 -7.5097e-05
35 35 35 0.000765601 -0.00136206 -6.75217e-05
40 35 35 0.000813864 -0.00166645 -6.31811e-05
45 35 35 0.000837465 -0.00194115 -6.18505e-05
5 35 30 0.000110237 -7.87985e-05 -3.05467e-05
10 35 30 0.000245514 -0.000202324 -5.10612e-05
15 35 30 0.000375401 -0.000358991 -5.96735e-05
20 35 30 0.00049456 -0.000558062 -5.98284e-05
25 35 30 0.000600902 -0.000798295 -5.59756e-05
30 35 30 0.000691805 -0.00107413 -5.10342e-05
35 35 30 0.000763614 -0.0013733 -4.72001e-05
40 35 30 0.000811132 -0.00167308 -4.57384e-05
45 35 30 0.000834531 -0.00194517 -4.65552e-05
5 35 25 0.000109814 -8.34053e-05 -1.41729e-05
10 35 25 0.000244026 -0.000211385 -2.40017e-05
15 35 25 0.000372573 -0.000370723 -2.87464e-05
20 35 25 0.000491684 -0.000570575 -2.9475e-05
25 35 25 0.000598151 -0.000810316 -2.79511e-05
30 35 25 0.000689012 -0.00108492 -2.5857e-05
35 35 25 0.000760733 -0.0013827 -2.43731e-05
40 35 25 0.0008083 -0.00168164 -2.41468e-05
45 35 25 0.000832002 -0.00195423 -2.51229e-05
5 35 20 0.000109844 -8.47501e-05 -3.28755e-20
10 35 20 0.00024364 -0.000214176 3.08913e-18
15 35 20 0.000371768 -0.000374413 8.85738e-18
20 35 20 0.000490586 -0.000574655 1.68509e-17
25 35 20 0.000596992 -0.000814376 2.66302e-17
30 35 20 0.000687837 -0.00108876 3.73134e-17
35 35 20 0.00075958 -0.00138633 4.95732e-17
40 35 20 0.000807234 -0.00168533 6.22315e-17
45 35 20 0.000831126 -0.00195842 7.55407e-17
5 35 15 0.000109814 -8.34053e-05 1.41729e-05
10 35 15 0.000244026 -0.000211385 2.40017e-05
15 35 15 0.000372573 -0.000370723 2.87464e-05
20 35 15 0.000491684 -0.000570575 2.9475e-05
25 35 15 0.000598151 -0.000810316 2.79511e-05
30 35 15 0.000689012 -0.00108492 2.5857e-05
35 35 15 0.000760733 -0.0013827 2.43731e-05
40 35 15 0.0008083 -0.00168164 2.41468e-05
45 35 15 0.000832002 -0.00195423 2.51229e-05
5 35 10 0.000110237 -7.87985e-05 3.05467e-05
10 35 10 0.000245514 -0.000202324 5.10612e-05
15 35 10 0.000375401 -0.000358991 5.96735e-05
20 35 10 0.00049456 -0.000558062 5.98284e-05
25 35 10 0.000600902 -0.000798295 5.59756e-05
30 35 10 0.000691805 -0.00107413 5.10342e-05
35 35 10 0.000763614 -0.0013733 4.72001e-05
40 35 10 0.000811132 -0.00167308 4.57384e-05
45 35 10 0.000834531 -0.00194517 4.65552e-05
5 35 5 0.000111805 -6.93731e-05 5.34219e-05
10 35 5 0.000252269 -0.000184129 8.47728e-05
15 35 5 0.000380334 -0.000337351 9.3065e-05
20 35 5 0.000497136 -0.000536199 9.11028e-05
25 35 5 0.000602269 -0.0007786 8.39158e-05
30 35 5 0.000693141 -0.00105822 7.5097e-05
35 35 5 0.000765601 -0.00136206 6.75217e-05
40 35 5 0.000813864 -0.00166645 6.31811e-05
45 35 5 0.000837465 -0.00194115 6.18505e-05
5 30 35 7.03995e-05 -4.47885e-05 -3.57683e-05
10 30 35 0.000157852 -0.000148983 -5.711e-05
15 30 35 0.000245202 -0.000302676 -6.29733e-05
20 30 35 0.000328647 -0.000501824 -6.2598e-05
25 30 35 0.000408914 -0.000744734 -6.02734e-05
30 30 35 0.000486284 -0.00102651 -5.93227e-05
35 30 35 0.000558565 -0.00133766 -6.23114e-05
40 30 35 0.000617548 -0.00166194 -7.0591e-05
45 30 35 0.000643669 -0.0019578 -8.23156e-05
5 30 30 6.90577e-05 -5.36765e-05 -2.05149e-05
10 30 30 0.000152456 -0.000165496 -3.449e-05
15 30 30 0.00024113 -0.000323181 -4.06482e-05
20 30 30 0.000326182 -0.000523508 -4.14846e-05
25 30 30 0.000407038 -0.000765398 -4.06336e-05
30 30 30 0.000483796 -0.00104464 -4.06497e-05
35 30 30 0.000554591 -0.00135249 -4.35088e-05
40 30 30 0.000611905 -0.00167381 -5.01534e-05
45 30 30 0.000635826 -0.00196896 -5.9562e-05
5 30 25 6.85398e-05 -5.78602e-05 -9.50336e-06
10 30 25 0.000150898 -0.000173697 -1.62644e-05
15 30 25 0.000238735 -0.000334248 -1.96665e-05
20 30 25 0.000323956 -0.000535859 -2.05628e-05
25 30 25 0.000404997 -0.000777894 -2.04239e-05
30 30 25 0.000481686 -0.00105663 -2.06879e-05
35 30 25 0.00055224 -0.00136396 -2.23928e-05
40 30 25 0.000609205 -0.0016857 -2.603e-05
45 30 25 0.000632445 -0.00198313 -3.09829e-05
5 30 20 6.84826e-05 -5.9116e-05 1.23357e-18
10 30 20 0.000150457 -0.000176204 5.38153e-18
15 30 20 0.000238039 -0.000337724 1.20475e-17
20 30 20 0.000323126 -0.000539876 2.08816e-17
25 30 20 0.000404187 -0.000782089 3.16287e-17
30 30 20 0.000480894 -0.00106083 4.33418e-17
35 30 20 0.000551464 -0.00136823 5.60985e-17
40 30 20 0.000608459 -0.00169042 6.95973e-17
45 30 20 0.000631623 -0.00198878 8.39376e-17
5 30 15 6.85398e-05 -5.78602e-05 9.50336e-06
10 30 15 0.000150898 -0.000173697 1.62644e-05
15 30 15 0.000238735 -0.000334248 1.96665e-05
20 30 15 0.000323956 -0.000535859 2.05628e-05
25 30 15 0.000404997 -0.000777894 2.04239e-05
30 30 15 0.000481686 -0.00105663 2.06879e-05
35 30 15 0.00055224 -0.00136396 2.23928e-05
40 30 15 0.000609205 -0.0016857 2.603e-05
45 30 15 0.000632445 -0.00198313 3.09829e-05
5 30 10 6.90577e-05 -5.36765e-05 2.05149e-05
10 30 10 0.000152456 -0.000165496 3.449e-05
15 30 10 0.00024113 -0.000323181 4.06482e-05
20 30 10 0.000326182 -0.000523508 4.14846e-05
25 30 10 0.000407038 -0.000765398 4.06336e-05
30 30 10 0.000483796 -0.00104464 4.06497e-05
35 30 10 0.000554591 -0.00135249 4.35088e-05
40 30 10 0.000611905 -0.00167381 5.01534e-05
45 30 10 0.000635826 -0.00196896 5.9562e-05
5 30 5 7.03995e-05 -4.47885e-05 3.57683e-05
10 30 5 0.000157852 -0.000148983 5.711e-05
15 30 5 0.000245202 -0.000302676 6.29733e-05
20 30 5 0.000328647 -0.000501824 6.2598e-05
25 30 5 0.000408914 -0.000744734 6.02734e-05
30 30 5 0.000486284 -0.00102651 5.93227e-05
35 30 5 0.000558565 -0.00133766 6.23114e-05
40 30 5 0.000617548 -0.00166194 7.0591e-05
45 30 5 0.000643669 -0.0019578 8.23156e-05
5 25 35 3.40839e-05 -3.29026e-05 -1.77191e-05
10 25 35 7.79547e-05 -0.000127973 -2.82196e-05
15 25 35 0.00012451 -0.000276586 -3.13206e-05
20 25 35 0.000174047 -0.000471935 -3.22171e-05
25 25 35 0.000228349 -0.000710399 -3.40761e-05
30 25 35 0.000290172 -0.000988631 -4.0004e-05
35 25 35 0.00036131 -0.00130222 -5.32003e-05
40 25 35 0.000439839 -0.00164238 -7.61499e-05
45 25 35 0.000509133 -0.00199612 -0.00010966
5 25 30 3.34706e-05 -4.16886e-05 -1.01845e-05
10 25 30 7.52496e-05 -0.000144239 -1.7141e-05
15 25 30 0.000122104 -0.000297115 -2.03766e-05
20 25 30 0.000171891 -0.000494532 -2.16075e-05
25 25 30 0.000225559 -0.000733217 -2.33325e-05
30 25 30 0.000285774 -0.00101047 -2.78034e-05
35 25 30 0.000354678 -0.00132265 -3.71235e-05
40 25 30 0.000430701 -0.00166235 -5.27683e-05
45 25 30 0.000497889 -0.00202087 -7.44769e-05
5 25 25 3.31986e-05 -4.58172e-05 -4.72698e-06
10 25 25 7.43957e-05 -0.000152201 -8.1018e-06
15 25 25 0.000120705 -0.000308091 -9.91171e-06
20 25 25 0.000170388 -0.000507269 -1.08022e-05
25 25 25 0.000223884 -0.000746766 -1.18597e-05
30 25 25 0.000283773 -0.00102429 -1.42739e-05
35 25 25 0.00035237 -0.00133689 -1.90872e-05
40 25 25 0.000428364 -0.00167818 -2.68757e-05
45 25 25 0.000495391 -0.002041 -3.68706e-05
5 25 20 3.31622e-05 -4.70471e-05 2.13886e-18
10 25 20 7.41468e-05 -0.000154641 7.27745e-18
15 25 20 0.00012029 -0.000311531 1.45921e-17
20 25 20 0.00016987 -0.000511393 2.44557e-17
25 25 20 0.000223332 -0.000751263 3.56538e-17
30 25 20 0.000283206 -0.00102903 4.85109e-17
35 25 20 0.000351865 -0.00134195 6.22476e-17
40 25 20 0.000428008 -0.001684 7.68088e-17
45 25 20 0.000494934 -0.00204816 9.26159e-17
5 25 15 3.31986e-05 -4.58172e-05 4.72698e-06
10 25 15 7.43957e-05 -0.000152201 8.1018e-06
15 25 15 0.000120705 -0.000308091 9.91171e-06
20 25 15 0.000170388 -0.000507269 1.08022e-05
25 25 15 0.000223884 -0.000746766 1.18597e-05
30 25 15 0.000283773 -0.00102429 1.42739e-05
35 25 15 0.00035237 -0.00133689 1.90872e-05
40 25 15 0.000428364 -0.00167818 2.68757e-05
45 25 15 0.000495391 -0.002041 3.68706e-05
5 25 10 3.34706e-05 -4.16886e-05 1.01845e-05
10 25 10 7.52496e-05 -0.000144239 1.7141e-05
15 25 10 0.000122104 -0.000297115 2.03766e-05
20 25 10 0.000171891 -0.000494532 2.16075e-05
25 25 10 0.000225559 -0.000733217 2.33325e-05
30 25 10 0.000285774 -0.00101047 2.78034e-05
35 25 10 0.000354678 -0.00132265 3.71235e-05
40 25 10 0.000430701 -0.00166235 5.27683e-05
45 25 10 0.000497889 -0.00202087 7.44769e-05
5 25 5 3.40839e-05 -3.29026e-05 1.77191e-05
10 25 5 7.79547e-05 -0.000127973 2.82196e-05
15 25 5 0.00012451 -0.000276586 3.13206e-05
20 25 5 0.000174047 -0.000471935 3.22171e-05
25 25 5 0.000228349 -0.000710399 3.40761e-05
30 25 5 0.000290172 -0.000988631 4.0004e-05
35 25 5 0.00036131 -0.00130222 5.32003e-05
40 25 5 0.000439839 -0.00164238 7.61499e-05
45 25 5 0.000509133 -0.00199612 0.00010966
5 20 35 -8.25206e-08 -2.77606e-05 7.83153e-07
10 20 35 1.71858e-06 -0.000117443 1.71325e-06
15 20 35 7.17737e-06 -0.000260401 2.0925e-06
20 20 35 1.87891e-05 -0.000448948 1.03059e-06
25 20 35 4.00939e-05 -0.000678975 -3.13914e-06
30 20 35 7.57222e-05 -0.000948248 -1.3025e-05
35 20 35 0.000131454 -0.00125555 -3.23034e-05
40 20 35 0.000214703 -0.00160139 -6.53789e-05
45 20 35 0.000341675 -0.00197844 -0.000117789
5 20 30 1.40858e-07 -3.67348e-05 4.04399e-07
10 20 30 2.02645e-06 -0.000134106 9.59683e-07
15 20 30 7.07503e-06 -0.000281823 1.18246e-06
20 20 30 1.76662e-05 -0.000473311 3.46234e-07
25 20 30 3.72294e-05 -0.00070488 -2.70386e-06
30 20 30 7.04403e-05 -0.000974918 -9.70566e-06
35 20 30 0.000123472 -0.00128295 -2.2837e-05
40 20 30 0.000204773 -0.00163049 -4.43278e-05
45 20 30 0.00033312 -0.00201408 -7.3638e-05
5 20 25 2.34694e-07 -4.09555e-05 1.7812e-07
10 20 25 2.1072e-06 -0.000142267 4.30733e-07
15 20 25 6.96453e-06 -0.000293241 5.18378e-07
20 20 25 1.71133e-05 -0.000486935 5.36676e-08
25 20 25 3.60336e-05 -0.00071993 -1.56448e-06
30 20 25 6.85848e-05 -0.000990967 -5.18305e-06
35 20 25 0.00012127 -0.00130009 -1.17968e-05
40 20 25 0.00020295 -0.00164975 -2.1989e-05
45 20 25 0.00033133 -0.00203722 -3.49261e-05
5 20 20 2.57343e-07 -4.22204e-05 2.87555e-18
10 20 20 2.12007e-06 -0.000144768 8.69076e-18
15 20 20 6.91621e-06 -0.000296818 1.70505e-17
20 20 20 1.69469e-05 -0.000491326 2.74536e-17
25 20 20 3.572e-05 -0.000724867 3.94975e-17
30 20 20 6.81715e-05 -0.000996321 5.31275e-17
35 20 20 0.00012093 -0.00130593 6.80911e-17
40 20 20 0.000202765 -0.00165638 8.41927e-17
45 20 20 0.000331114 -0.00204503 1.0177e-16
5 20 15 2.34694e-07 -4.09555e-05 -1.7812e-07
10 20 15 2.1072e-06 -0.000142267 -4.30733e-07
15 20 15 6.96453e-06 -0.000293241 -5.18378e-07
20 20 15 1.71133e-05 -0.000486935 -5.36676e-08
25 20 15 3.60336e-05 -0.00071993 1.56448e-06
30 20 15 6.85848e-05 -0.000990967 5.18305e-06
35 20 15 0.00012127 -0.00130009 1.17968e-05
40 20 15 0.00020295 -0.00164975 2.1989e-05
45 20 15 0.00033133 -0.00203722 3.49261e-05
5 20 10 1.40858e-07 -3.67348e-05 -4.04399e-07
10 20 10 2.02645e-06 -0.000134106 -9.59683e-07
15 20 10 7.07503e-06 -0.000281823 -1.18246e-06
20 20 10 1.76662e-05 -0.000473311 -3.46234e-07
25 20 10 3.72294e-05 -0.00070488 2.70386e-06
30 20 10 7.04403e-05 -0.000974918 9.70566e-06
35 20 10 0.000123472 -0.00128295 2.2837e-05
40 20 10 0.000204773 -0.00163049 4.43278e-05
45 20 10 0.00033312 -0.00201408 7.3638e-05
5 20 5 -8.25206e-08 -2.77606e-05 -7.83153e-07
10 20 5 1.71858e-06 -0.000117443 -1.71325e-06
15 20 5 7.17737e-06 -0.000260401 -2.0925e-06
20 20 5 1.87891e-05 -0.000448948 -1.03059e-06
25 20 5 4.00939e-05 -0.000678975 3.13914e-06
30 20 5 7.57222e-05 -0.000948248 1.3025e-05
35 20 5 0.000131454 -0.00125555 3.23034e-05
40 20 5 0.000214703 -0.00160139 6.53789e-05
45 20 5 0.000341675 -0.00197844 0.000117789
5 15 35 -3.47387e-05 -2.88353e-05 1.94157e-05
10 15 35 -7.63902e-05 -0.000117701 3.21853e-05
15 15 35 -0.000114914 -0.00025657 3.68982e-05
20 15 35 -0.000146704 -0.000437804 3.72378e-05
25 15 35 -0.000168011 -0.000657828 3.34377e-05
30 15 35 -0.000174612 -0.00091544 2.39982e-05
35 15 35 -0.00016114 -0.0012122 5.88256e-06
40 15 35 -0.000121102 -0.00155297 -2.46516e-05
45 15 35 -5.31415e-05 -0.00195201 -7.00208e-05
5 15 30 -3.35863e-05 -3.80893e-05 1.11182e-05
10 15 30 -7.28277e-05 -0.000135062 1.94863e-05
15 15 30 -0.00011227 -0.000279271 2.37666e-05
20 15 30 -0.000146077 -0.000464306 2.43999e-05
25 15 30 -0.000169888 -0.000687106 2.18283e-05
30 15 30 -0.000179329 -0.000947212 1.52031e-05
35 15 30 -0.000168793 -0.00124682 2.85553e-06
40 15 30 -0.000131272 -0.00159131 -1.68063e-05
45 15 30 -6.53467e-05 -0.00199642 -4.2791e-05
5 15 25 -3.31004e-05 -4.25203e-05 5.1638e-06
10 15 25 -7.17516e-05 -0.000143701 9.20599e-06
15 15 25 -0.000110992 -0.000291495 1.15023e-05
20 15 25 -0.000145542 -0.000479128 1.20119e-05
25 15 25 -0.000170448 -0.000703856 1.07406e-05
30 15 25 -0.000180943 -0.000965553 7.35333e-06
35 15 25 -0.000171108 -0.00126679 1.16976e-06
40 15 25 -0.00013386 -0.00161343 -8.14444e-06
45 15 25 -6.90124e-05 -0.00202178 -1.98419e-05
5 15 20 -3.30159e-05 -4.38506e-05 3.51615e-18
10 15 20 -7.1473e-05 -0.000146365 1.00701e-17
15 15 20 -0.000110672 -0.000295335 1.90876e-17
20 15 20 -0.000145366 -0.000483894 3.01657e-17
25 15 20 -0.000170559 -0.000709297 4.31665e-17
30 15 20 -0.000181301 -0.000971539 5.77699e-17
35 15 20 -0.000171558 -0.00127333 7.3984e-17
40 15 20 -0.000134365 -0.00162065 9.13898e-17
45 15 20 -6.9875e-05 -0.00203001 1.10775e-16
5 15 15 -3.31004e-05 -4.25203e-05 -5.1638e-06
10 15 15 -7.17516e-05 -0.000143701 -9.20599e-06
15 15 15 -0.000110992 -0.000291495 -1.15023e-05
20 15 15 -0.000145542 -0.000479128 -1.20119e-05
25 15 15 -0.000170448 -0.000703856 -1.07406e-05
30 15 15 -0.000180943 -0.000965553 -7.35333e-06
35 15 15 -0.000171108 -0.00126679 -1.16976e-06
40 15 15 -0.00013386 -0.00161343 8.14444e-06
45 15 15 -6.90124e-05 -0.00202178 1.98419e-05
5 15 10 -3.35863e-05 -3.80893e-05 -1.11182e-05
10 15 10 -7.28277e-05 -0.000135062 -1.94863e-05
15 15 10 -0.00011227 -0.000279271 -2.37666e-05
20 15 10 -0.000146077 -0.000464306 -2.43999e-05
25 15 10 -0.000169888 -0.000687106 -2.18283e-05
30 15 10 -0.000179329 -0.000947212 -1.52031e-05
35 15 10 -0.000168793 -0.00124682 -2.85553e-06
40 15 10 -0.000131272 -0.00159131 1.68063e-05
45 15 10 -6.53467e-05 -0.00199642 4.2791e-05
5 15 5 -3.47387e-05 -2.88353e-05 -1.94157e-05
10 15 5 -7.63902e-05 -0.000117701 -3.21853e-05
15 15 5 -0.000114914 -0.00025657 -3.68982e-05
20 15 5 -0.000146704 -0.000437804 -3.72378e-05
25 15 5 -0.000168011 -0.000657828 -3.34377e-05
30 15 5 -0.000174612 -0.00091544 -2.39982e-05
35 15 5 -0.00016114 -0.0012122 -5.88256e-06
40 15 5 -0.000121102 -0.00155297 2.46516e-05
45 15 5 -5.31415e-05 -0.00195201 7.00208e-05
5 10 35 -7.17749e-05 -3.8255e-05 3.77562e-05
10 10 35 -0.000159873 -0.000131667 6.24414e-05
15 10 35 -0.000245881 -0.000268519 7.2223e-05
20 10 35 -0.00032509 -0.000443472 7.55274e-05
25 10 35 -0.000396739 -0.000655074 7.47416e-05
30 10 35 -0.000459695 -0.000903027 7.00025e-05
35 10 35 -0.000512572 -0.00119136 5.97832e-05
40 10 35 -0.000556163 -0.0015326 4.22094e-05
45 10 35 -0.000597564 -0.00195762 1.87321e-05
5 10 30 -6.96816e-05 -4.78799e-05 2.17862e-05
10 10 30 -0.000153074 -0.000150003 3.79838e-05
15 10 30 -0.000240553 -0.000292795 4.68155e-05
20 10 30 -0.000322499 -0.000472079 4.99717e-05
25 10 30 -0.000397038 -0.000687342 4.96691e-05
30 10 30 -0.000462842 -0.000939177 4.62251e-05
35 10 30 -0.000518488 -0.00123226 3.893e-05
40 10 30 -0.000564575 -0.00157957 2.71063e-05
45 10 30 -0.000608096 -0.00201241 1.21455e-05
5 10 25 -6.89147e-05 -5.25506e-05 1.01718e-05
10 10 25 -0.000151225 -0.000159361 1.80438e-05
15 10 25 -0.000238189 -0.000306065 2.27847e-05
20 10 25 -0.000321149 -0.000488185 2.47946e-05
25 10 25 -0.00039719 -0.000705691 2.47665e-05
30 10 25 -0.000464482 -0.000959568 2.29953e-05
35 10 25 -0.00052134 -0.0012548 1.92686e-05
40 10 25 -0.000568445 -0.00160466 1.34805e-05
45 10 25 -0.000613263 -0.00204077 6.40178e-06
5 10 20 -6.88146e-05 -5.39682e-05 4.06052e-18
10 10 20 -0.000150779 -0.000162252 1.12253e-17
15 10 20 -0.000237648 -0.00031025 2.08532e-17
20 10 20 -0.00032078 -0.000493363 3.28111e-17
25 10 20 -0.000397263 -0.000711617 4.6586e-17
30 10 20 -0.000465002 -0.000966128 6.21146e-17
35 10 20 -0.000522206 -0.00126198 7.93406e-17
40 10 20 -0.000569605 -0.00161255 9.81547e-17
45 10 20 -0.000614832 -0.00204966 1.18957e-16
5 10 15 -6.89147e-05 -5.25506e-05 -1.01718e-05
10 10 15 -0.000151225 -0.000159361 -1.80438e-05
15 10 15 -0.000238189 -0.000306065 -2.27847e-05
20 10 15 -0.000321149 -0.000488185 -2.47946e-05
25 10 15 -0.00039719 -0.000705691 -2.47665e-05
30 10 15 -0.000464482 -0.000959568 -2.29953e-05
35 10 15 -0.00052134 -0.0012548 -1.92686e-05
40 10 15 -0.000568445 -0.00160466 -1.34805e-05
45 10 15 -0.000613263 -0.00204077 -6.40178e-06
5 10 10 -6.96816e-05 -4.78799e-05 -2.17862e-05
10 10 10 -0.000153074 -0.000150003 -3.79838e-05
15 10 10 -0.000240553 -0.000292795 -4.68155e-05
20 10 10 -0.000322499 -0.000472079 -4.99717e-05
25 10 10 -0.000397038 -0.000687342 -4.96691e-05
30 10 10 -0.000462842 -0.000939177 -4.62251e-05
35 10 10 -0.000518488 -0.00123226 -3.893e-05
40 10 10 -0.000564575 -0.00157957 -2.71063e-05
45 10 10 -0.000608096 -0.00201241 -1.21455e-05
5 10 5 -7.17749e-05 -3.8255e-05 -3.77562e-05
10 10 5 -0.000159873 -0.000131667 -6.24414e-05
15 10 5 -0.000245881 -0.000268519 -7.2223e-05
20 10 5 -0.00032509 -0.000443472 -7.55274e-05
25 10 5 -0.000396739 -0.000655074 -7.47416e-05
30 10 5 -0.000459695 -0.000903027 -7.00025e-05
35 10 5 -0.000512572 -0.00119136 -5.97832e-05
40 10 5 -0.000556163 -0.0015326 -4.22094e-05
45 10 5 -0.000597564 -0.00195762 -1.87321e-05
5 5 35 -0.000112258 -6.22143e-05 5.56363e-05
10 5 35 -0.0002541 -0.000163965 9.17106e-05
15 5 35 -0.000386238 -0.000297512 0.000107058
20 5 35 -0.00051225 -0.000468479 0.000114497
25 5 35 -0.000635634 -0.000675554 0.000118491
30 5 35 -0.000759676 -0.000919203 0.000121004
35 5 35 -0.000888558 -0.00120566 0.000122084
40 5 35 -0.0010278 -0.00155287 0.000120966
45 5 35 -0.00118273 -0.00199643 0.000117716
5 5 30 -0.000109825 -7.23134e-05 3.23003e-05
10 5 30 -0.000245712 -0.00018413 5.61326e-05
15 5 30 -0.000379606 -0.000323631 6.96675e-05
20 5 30 -0.000508798 -0.000498906 7.61235e-05
25 5 30 -0.000635266 -0.000709947 7.92906e-05
30 5 30 -0.000762188 -0.000958298 8.06965e-05
35 5 30 -0.000893713 -0.00125082 8.0571e-05
40 5 30 -0.00103514 -0.00160571 7.86853e-05
45 5 30 -0.00119148 -0.00205824 7.5486e-05
5 5 25 -0.000109229 -7.7399e-05 1.51974e-05
10 5 25 -0.000244178 -0.00019452 2.67526e-05
15 5 25 -0.000377297 -0.00033806 3.4016e-05
20 5 25 -0.000507618 -0.000516176 3.78909e-05
25 5 25 -0.000635966 -0.00072956 3.96992e-05
30 5 25 -0.000764897 -0.00098023 4.03416e-05
35 5 25 -0.000898212 -0.00127537 4.0024e-05
40 5 25 -0.001041 -0.00163337 3.87502e-05
45 5 25 -0.00119818 -0.00208975 3.6839e-05
5 5 20 -0.000109262 -7.89063e-05 4.41262e-18
10 5 20 -0.000243923 -0.000197759 1.19067e-17
15 5 20 -0.000376908 -0.000342625 2.21927e-17
20 5 20 -0.000507412 -0.000521736 3.45147e-17
25 5 20 -0.000636339 -0.000735886 4.93895e-17
30 5 20 -0.000765938 -0.000987249 6.59417e-17
35 5 20 -0.000899848 -0.0012831 8.41733e-17
40 5 20 -0.00104309 -0.00164193 1.04121e-16
45 5 20 -0.00120054 -0.00209938 1.26414e-16
5 5 15 -0.000109229 -7.7399e-05 -1.51974e-05
10 5 15 -0.000244178 -0.00019452 -2.67526e-05
15 5 15 -0.000377297 -0.00033806 -3.4016e-05
20 5 15 -0.000507618 -0.000516176 -3.78909e-05
25 5 15 -0.000635966 -0.00072956 -3.96992e-05
30 5 15 -0.000764897 -0.00098023 -4.03416e-05
35 5 15 -0.000898212 -0.00127537 -4.0024e-05
40 5 15 -0.001041 -0.00163337 -3.87502e-05
45 5 15 -0.00119818 -0.00208975 -3.6839e-05
5 5 10 -0.000109825 -7.23134e-05 -3.23003e-05
10 5 10 -0.000245712 -0.00018413 -5.61326e-05
15 5 10 -0.000379606 -0.000323631 -6.96675e-05
20 5 10 -0.000508798 -0.000498906 -7.61235e-05
25 5 10 -0.000635266 -0.000709947 -7.92906e-05
30 5 10 -0.000762188 -0.000958298 -8.06965e-05
35 5 10 -0.000893713 -0.00125082 -8.0571e-05
40 5 10 -0.00103514 -0.00160571 -7.86853e-05
45 5 10 -0.00119148 -0.00205824 -7.5486e-05
5 5 5 -0.000112258 -6.22143e-05 -5.56363e-05
10 5 5 -0.0002541 -0.000163965 -9.17106e-05
15 5 5 -0.000386238 -0.000297512 -0.000107058
20 5 5 -0.00051225 -0.000468479 -0.000114497
25 5 5 -0.000635634 -0.000675554 -0.000118491
30 5 5 -0.000759676 -0.000919203 -0.000121004
35 5 5 -0.000888558 -0.00120566 -0.000122084
40 5 5 -0.0010278 -0.00155287 -0.000120966
45 5 5 -0.00118273 -0.00199643 -0.000117716
