50 20 40 12.3924
100 20 40 0.876366
100 20 0 0.876366
50 20 0 12.3924
100 0 40 23.2553
100 0 0 23.2553
50 0 0 13.1697
50 0 40 13.1697
0 40 40 8.28945
50 40 40 0.380871
50 40 0 0.380871
0 40 0 8.28945
0 0 0 8.16284
0 0 40 8.16284
55 20 40 14.813
60 20 40 12.1952
65 20 40 10.8207
70 20 40 9.50981
75 20 40 8.13417
80 20 40 6.66514
85 20 40 5.06031
90 20 40 3.29087
95 20 40 1.62198
100 20 35 0.6901
100 20 30 0.91429
100 20 25 1.10379
100 20 20 1.16432
100 20 15 1.10379
100 20 10 0.91429
100 20 5 0.6901
95 20 0 1.62198
90 20 0 3.29087
85 20 0 5.06031
80 20 0 6.66514
75 20 0 8.13417
70 20 0 9.50981
65 20 0 10.8207
60 20 0 12.1952
55 20 0 14.813
50 20 5 13.1388
50 20 10 12.8328
50 20 15 12.6217
50 20 20 12.5645
50 20 25 12.6217
50 20 30 12.8328
50 20 35 13.1388
95 0 40 7.96518
90 0 40 4.47467
85 0 40 5.17601
80 0 40 6.51423
75 0 40 8.05998
70 0 40 9.67461
65 0 40 11.2632
60 0 40 12.6197
55 0 40 13.3751
100 0 5 9.98431
100 0 10 9.68498
100 0 15 9.20764
100 0 20 9.19527
100 0 25 9.20764
100 0 30 9.68498
100 0 35 9.98431
55 0 0 13.3751
60 0 0 12.6197
65 0 0 11.2632
70 0 0 9.67461
75 0 0 8.05998
80 0 0 6.51423
85 0 0 5.17601
90 0 0 4.47467
95 0 0 7.96518
50 0 35 13.1503
50 0 30 12.9643
50 0 25 12.8222
50 0 20 12.774
50 0 15 12.8222
50 0 10 12.9643
50 0 5 13.1503
50 5 0 7.49915
50 10 0 3.19643
50 15 0 3.83247
50 15 40 3.83247
50 10 40 3.19643
50 5 40 7.49915
100 5 0 11.6039
100 10 0 4.89975
100 15 0 1.8104
100 15 40 1.8104
100 10 40 4.89975
100 5 40 11.6039
5 40 40 8.17792
10 40 40 6.79098
15 40 40 6.40511
20 40 40 5.92557
25 40 40 5.21525
30 40 40 4.211
35 40 40 2.9557
40 40 40 1.6586
45 40 40 0.753959
50 40 35 0.322313
50 40 30 0.575128
50 40 25 0.928712
50 40 20 1.07149
50 40 15 0.928712
50 40 10 0.575128
50 40 5 0.322313
45 40 0 0.753959
40 40 0 1.6586
35 40 0 2.9557
30 40 0 4.211
25 40 0 5.21525
20 40 0 5.92557
15 40 0 6.40511
10 40 0 6.79098
5 40 0 8.17792
0 40 5 7.23341
0 40 10 7.33079
0 40 15 7.4094
0 40 20 7.44277
0 40 25 7.4094
0 40 30 7.33079
0 40 35 7.23341
45 0 40 11.9871
40 0 40 10.3031
35 0 40 8.72488
30 0 40 7.61792
25 0 40 7.01943
20 0 40 6.7832
15 0 40 6.75477
10 0 40 6.88795
5 0 40 8.12209
5 0 0 8.12209
10 0 0 6.88795
15 0 0 6.75477
20 0 0 6.7832
25 0 0 7.01943
30 0 0 7.61792
35 0 0 8.72488
40 0 0 10.3031
45 0 0 11.9871
0 0 35 6.99
0 0 30 7.05865
0 0 25 7.13643
0 0 20 7.17191
0 0 15 7.13643
0 0 10 7.05865
0 0 5 6.99
0 35 0 5.36795
0 30 0 3.41214
0 25 0 1.65994
0 20 0 0.174457
0 15 0 1.75547
0 10 0 3.5304
0 5 0 5.45321
0 5 40 5.45321
0 10 40 3.5304
0 15 40 1.75547
0 20 40 0.174457
0 25 40 1.65994
0 30 40 3.41214
0 35 40 5.36795
50 25 0 6.99331
50 30 0 2.49848
50 35 0 0.963159
50 35 40 0.963159
50 30 40 2.49848
50 25 40 6.99331
55 20 35 16.0616
60 20 35 12.6116
65 20 35 10.9123
70 20 35 9.47633
75 20 35 8.00765
80 20 35 6.43144
85 20 35 4.68907
90 20 35 2.83302
95 20 35 1.29931
55 20 30 15.9433
60 20 30 12.6589
65 20 30 10.9446
70 20 30 9.43689
75 20 30 7.91409
80 20 30 6.311
85 20 30 4.59296
90 20 30 2.82675
95 20 30 1.40353
55 20 25 15.7753
60 20 25 12.5179
65 20 25 10.8763
70 20 25 9.36995
75 20 25 7.82727
80 20 25 6.21852
85 20 25 4.52609
90 20 25 2.81459
95 20 25 1.48053
55 20 20 15.7136
60 20 20 12.454
65 20 20 10.8377
70 20 20 9.33977
75 20 20 7.79494
80 20 20 6.18707
85 20 20 4.50467
90 20 20 2.81041
95 20 20 1.50503
55 20 15 15.7753
60 20 15 12.5179
65 20 15 10.8763
70 20 15 9.36995
75 20 15 7.82727
80 20 15 6.21852
85 20 15 4.52609
90 20 15 2.81459
95 20 15 1.48053
55 20 10 15.9433
60 20 10 12.6589
65 20 10 10.9446
70 20 10 9.43689
75 20 10 7.91409
80 20 10 6.311
85 20 10 4.59296
90 20 10 2.82675
95 20 10 1.40353
55 20 5 16.0616
60 20 5 12.6116
65 20 5 10.9123
70 20 5 9.47633
75 20 5 8.00765
80 20 5 6.43144
85 20 5 4.68907
90 20 5 2.83302
95 20 5 1.29931
55 0 35 13.3734
60 0 35 12.6205
65 0 35 11.2516
70 0 35 9.64961
75 0 35 8.03542
80 0 35 6.52427
85 0 35 5.30095
90 0 35 4.61097
95 0 35 4.27506
55 0 30 13.1232
60 0 30 12.3682
65 0 30 11.0577
70 0 30 9.53632
75 0 30 7.99861
80 0 30 6.53587
85 0 30 5.2523
90 0 30 4.1901
95 0 30 3.86689
55 0 25 12.9281
60 0 25 12.1609
65 0 25 10.8803
70 0 25 9.41263
75 0 25 7.9221
80 0 25 6.4642
85 0 25 5.102
90 0 25 3.95607
95 0 25 3.82712
55 0 20 12.8614
60 0 20 12.0867
65 0 20 10.8142
70 0 20 9.36354
75 0 20 7.887
80 0 20 6.42539
85 0 20 5.04333
90 0 20 3.90129
95 0 20 3.84574
55 0 15 12.9281
60 0 15 12.1609
65 0 15 10.8803
70 0 15 9.41263
75 0 15 7.9221
80 0 15 6.4642
85 0 15 5.102
90 0 15 3.95607
95 0 15 3.82712
55 0 10 13.1232
60 0 10 12.3682
65 0 10 11.0577
70 0 10 9.53632
75 0 10 7.99861
80 0 10 6.53587
85 0 10 5.2523
90 0 10 4.1901
95 0 10 3.86689
55 0 5 13.3734
60 0 5 12.6205
65 0 5 11.2516
70 0 5 9.64961
75 0 5 8.03542
80 0 5 6.52427
85 0 5 5.30095
90 0 5 4.61097
95 0 5 4.27506
50 15 35 4.53232
50 15 30 4.61483
50 15 25 4.47697
50 15 20 4.42151
50 15 15 4.47697
50 15 10 4.61483
50 15 5 4.53232
50 10 35 2.84556
50 10 30 3.04671
50 10 25 3.10488
50 10 20 3.11514
50 10 15 3.10488
50 10 10 3.04671
50 10 5 2.84556
50 5 35 7.42586
50 5 30 7.45096
50 5 25 7.44486
50 5 20 7.43897
50 5 15 7.44486
50 5 10 7.45096
50 5 5 7.42586
100 15 35 1.41587
100 15 30 1.3327
100 15 25 1.32806
100 15 20 1.34272
100 15 15 1.32806
100 15 10 1.3327
100 15 5 1.41587
100 10 35 3.6349
100 10 30 2.99777
100 10 25 2.88414
100 10 20 2.87027
100 10 15 2.88414
100 10 10 2.99777
100 10 5 3.6349
100 5 35 6.11083
100 5 30 5.62924
100 5 25 5.46147
100 5 20 5.41837
100 5 15 5.46147
100 5 10 5.62924
100 5 5 6.11083
55 15 40 4.97689
60 15 40 6.15204
65 15 40 5.91799
70 15 40 5.43892
75 15 40 4.91722
80 15 40 4.46592
85 15 40 4.09486
90 15 40 3.58475
95 15 40 2.44815
55 10 40 2.62298
60 10 40 2.81496
65 10 40 3.20849
70 10 40 3.43568
75 10 40 3.57721
80 10 40 3.67018
85 10 40 3.84261
90 10 40 4.08128
95 10 40 3.75833
55 5 40 7.30098
60 5 40 6.76955
65 5 40 6.11211
70 5 40 5.43163
75 5 40 4.73644
80 5 40 3.99646
85 5 40 3.18855
90 5 40 2.84096
95 5 40 3.18094
55 15 0 4.97689
60 15 0 6.15204
65 15 0 5.91799
70 15 0 5.43892
75 15 0 4.91722
80 15 0 4.46592
85 15 0 4.09486
90 15 0 3.58475
95 15 0 2.44815
55 10 0 2.62298
60 10 0 2.81496
65 10 0 3.20849
70 10 0 3.43568
75 10 0 3.57721
80 10 0 3.67018
85 10 0 3.84261
90 10 0 4.08128
95 10 0 3.75833
55 5 0 7.30098
60 5 0 6.76955
65 5 0 6.11211
70 5 0 5.43163
75 5 0 4.73644
80 5 0 3.99646
85 5 0 3.18855
90 5 0 2.84096
95 5 0 3.18094
5 40 35 7.77934
10 40 35 7.25346
15 40 35 6.72504
20 40 35 6.10307
25 40 35 5.25475
30 40 35 4.112
35 40 35 2.73035
40 40 35 1.39747
45 40 35 0.601849
5 40 30 7.54244
10 40 30 7.0662
15 40 30 6.714
20 40 30 6.10085
25 40 30 5.22964
30 40 30 4.07773
35 40 30 2.72733
40 40 30 1.47501
45 40 30 0.812433
5 40 25 7.46802
10 40 25 6.91288
15 40 25 6.60863
20 40 25 6.04867
25 40 25 5.19734
30 40 25 4.06735
35 40 25 2.76322
40 40 25 1.61041
45 40 25 1.10848
5 40 20 7.45279
10 40 20 6.86269
15 40 20 6.56561
20 40 20 6.0226
25 40 20 5.18535
30 40 20 4.06798
35 40 20 2.78529
40 40 20 1.67619
45 40 20 1.23419
5 40 15 7.46802
10 40 15 6.91288
15 40 15 6.60863
20 40 15 6.04867
25 40 15 5.19734
30 40 15 4.06735
35 40 15 2.76322
40 40 15 1.61041
45 40 15 1.10848
5 40 10 7.54244
10 40 10 7.0662
15 40 10 6.714
20 40 10 6.10085
25 40 10 5.22964
30 40 10 4.07773
35 40 10 2.72733
40 40 10 1.47501
45 40 10 0.812433
5 40 5 7.77934
10 40 5 7.25346
15 40 5 6.72504
20 40 5 6.10307
25 40 5 5.25475
30 40 5 4.112
35 40 5 2.73035
40 40 5 1.39747
45 40 5 0.601849
5 0 35 7.62064
10 0 35 7.26222
15 0 35 7.00526
20 0 35 6.92445
25 0 35 7.08792
30 0 35 7.6451
35 0 35 8.7227
40 0 35 10.2788
45 0 35 11.9561
5 0 30 7.37803
10 0 30 7.10043
15 0 30 7.06943
20 0 30 7.05716
25 0 30 7.24715
30 0 30 7.8007
35 0 30 8.83664
40 0 30 10.3086
45 0 30 11.8747
5 0 25 7.31162
10 0 25 6.97871
15 0 25 7.03122
20 0 25 7.10948
25 0 25 7.33738
30 0 25 7.88913
35 0 25 8.88982
40 0 25 10.3033
45 0 25 11.8005
5 0 20 7.30146
10 0 20 6.94081
15 0 20 7.01158
20 0 20 7.11825
25 0 20 7.36332
30 0 20 7.91517
35 0 20 8.90418
40 0 20 10.2989
45 0 20 11.7745
5 0 15 7.31162
10 0 15 6.97871
15 0 15 7.03122
20 0 15 7.10948
25 0 15 7.33738
30 0 15 7.88913
35 0 15 8.88982
40 0 15 10.3033
45 0 15 11.8005
5 0 10 7.37803
10 0 10 7.10043
15 0 10 7.06943
20 0 10 7.05716
25 0 10 7.24715
30 0 10 7.8007
35 0 10 8.83664
40 0 10 10.3086
45 0 10 11.8747
5 0 5 7.62064
10 0 5 7.26222
15 0 5 7.00526
20 0 5 6.92445
25 0 5 7.08792
30 0 5 7.6451
35 0 5 8.7227
40 0 5 10.2788
45 0 5 11.9561
0 35 35 4.36455
0 35 30 4.27499
0 35 25 4.265
0 35 20 4.26812
0 35 15 4.265
0 35 10 4.27499
0 35 5 4.36455
0 30 35 2.78299
0 30 30 2.75004
0 30 25 2.75588
0 30 20 2.76243
0 30 15 2.75588
0 30 10 2.75004
0 30 5 2.78299
0 25 35 1.5185
0 25 30 1.61588
0 25 25 1.67668
0 25 20 1.69725
0 25 15 1.67668
0 25 10 1.61588
0 25 5 1.5185
0 20 35 0.777034
0 20 30 1.02789
0 20 25 1.14594
0 20 20 1.18133
0 20 15 1.14594
0 20 10 1.02789
0 20 5 0.777034
0 15 35 1.48514
0 15 30 1.5524
0 15 25 1.60619
0 15 20 1.62576
0 15 15 1.60619
0 15 10 1.5524
0 15 5 1.48514
0 10 35 2.76384
0 10 30 2.68967
0 10 25 2.68329
0 10 20 2.68754
0 10 15 2.68329
0 10 10 2.68967
0 10 5 2.76384
0 5 35 4.31359
0 5 30 4.1833
0 5 25 4.1622
0 5 20 4.16355
0 5 15 4.1622
0 5 10 4.1833
0 5 5 4.31359
50 35 35 0.887119
50 35 30 1.13105
50 35 25 1.29445
50 35 20 1.33944
50 35 15 1.29445
50 35 10 1.13105
50 35 5 0.887119
50 30 35 2.07689
50 30 30 2.53763
50 30 25 2.64981
50 30 20 2.64987
50 30 15 2.64981
50 30 10 2.53763
50 30 5 2.07689
50 25 35 7.08288
50 25 30 7.71781
50 25 25 7.78619
50 25 20 7.79988
50 25 15 7.78619
50 25 10 7.71781
50 25 5 7.08288
5 35 40 5.71694
10 35 40 5.19184
15 35 40 4.89078
20 35 40 4.67856
25 35 40 4.44525
30 35 40 4.15705
35 35 40 3.69023
40 35 40 2.86452
45 35 40 1.67895
5 30 40 3.55486
10 30 40 3.53912
15 30 40 3.68916
20 30 40 3.90409
25 30 40 4.2482
30 30 40 4.6638
35 30 40 4.95786
40 30 40 4.66455
45 30 40 3.5445
5 25 40 1.76584
10 25 40 2.04065
15 25 40 2.48659
20 25 40 2.99519
25 25 40 3.64439
30 25 40 4.45532
35 25 40 5.34174
40 25 40 6.1042
45 25 40 5.15914
5 20 40 0.322575
10 20 40 0.842144
15 20 40 1.29988
20 20 40 1.74165
25 20 40 2.35696
30 20 40 3.25017
35 20 40 4.45388
40 20 40 6.04086
45 20 40 8.04066
5 15 40 1.76101
10 15 40 1.63122
15 15 40 1.50722
20 15 40 1.20787
25 15 40 0.963337
30 15 40 1.3787
35 15 40 2.42326
40 15 40 3.61742
45 15 40 3.96356
5 10 40 3.64193
10 10 40 3.41058
15 10 40 3.23868
20 10 40 2.95079
25 10 40 2.62976
30 10 40 2.45544
35 10 40 2.70813
40 10 40 3.28698
45 10 40 3.50873
5 5 40 5.8397
10 5 40 5.33723
15 5 40 5.11906
20 5 40 5.04719
25 5 40 5.06823
30 5 40 5.263
35 5 40 5.73308
40 5 40 6.45986
45 5 40 7.16834
5 35 0 5.71694
10 35 0 5.19184
15 35 0 4.89078
20 35 0 4.67856
25 35 0 4.44525
30 35 0 4.15705
35 35 0 3.69023
40 35 0 2.86452
45 35 0 1.67895
5 30 0 3.55486
10 30 0 3.53912
15 30 0 3.68916
20 30 0 3.90409
25 30 0 4.2482
30 30 0 4.6638
35 30 0 4.95786
40 30 0 4.66455
45 30 0 3.5445
5 25 0 1.76584
10 25 0 2.04065
15 25 0 2.48659
20 25 0 2.99519
25 25 0 3.64439
30 25 0 4.45532
35 25 0 5.34174
40 25 0 6.1042
45 25 0 5.15914
5 20 0 0.322575
10 20 0 0.842144
15 20 0 1.29988
20 20 0 1.74165
25 20 0 2.35696
30 20 0 3.25017
35 20 0 4.45388
40 20 0 6.04086
45 20 0 8.04066
5 15 0 1.76101
10 15 0 1.63122
15 15 0 1.50722
20 15 0 1.20787
25 15 0 0.963337
30 15 0 1.3787
35 15 0 2.42326
40 15 0 3.61742
45 15 0 3.96356
5 10 0 3.64193
10 10 0 3.41058
15 10 0 3.23868
20 10 0 2.95079
25 10 0 2.62976
30 10 0 2.45544
35 10 0 2.70813
40 10 0 3.28698
45 10 0 3.50873
5 5 0 5.8397
10 5 0 5.33723
15 5 0 5.11906
20 5 0 5.04719
25 5 0 5.06823
30 5 0 5.263
35 5 0 5.73308
40 5 0 6.45986
45 5 0 7.16834
55 15 35 5.74895
60 15 35 6.49951
65 15 35 5.88632
70 15 35 5.21271
75 15 35 4.54424
80 15 35 3.93022
85 15 35 3.38677
90 15 35 2.77563
95 15 35 1.82398
55 15 30 6.03903
60 15 30 6.77466
65 15 30 6.00709
70 15 30 5.20172
75 15 30 4.43283
80 15 30 3.7397
85 15 30 3.13515
90 15 30 2.51427
95 15 30 1.65342
55 15 25 6.03998
60 15 25 6.83957
65 15 25 6.05692
70 15 25 5.20201
75 15 25 4.38341
80 15 25 3.65652
85 15 25 3.04069
90 15 25 2.43634
95 15 25 1.63154
55 15 20 6.02346
60 15 20 6.84523
65 15 20 6.0652
70 15 20 5.20066
75 15 20 4.36842
80 15 20 3.63311
85 15 20 3.01727
90 15 20 2.42214
95 15 20 1.63373
55 15 15 6.03998
60 15 15 6.83957
65 15 15 6.05692
70 15 15 5.20201
75 15 15 4.38341
80 15 15 3.65652
85 15 15 3.04069
90 15 15 2.43634
95 15 15 1.63154
55 15 10 6.03903
60 15 10 6.77466
65 15 10 6.00709
70 15 10 5.20172
75 15 10 4.43283
80 15 10 3.7397
85 15 10 3.13515
90 15 10 2.51427
95 15 10 1.65342
55 15 5 5.74895
60 15 5 6.49951
65 15 5 5.88632
70 15 5 5.21271
75 15 5 4.54424
80 15 5 3.93022
85 15 5 3.38677
90 15 5 2.77563
95 15 5 1.82398
55 10 35 2.50228
60 10 35 2.44193
65 10 35 2.59025
70 10 35 2.6632
75 10 35 2.71823
80 10 35 2.75765
85 10 35 2.84618
90 10 35 2.9623
95 10 35 2.5881
55 10 30 2.74218
60 10 30 2.5133
65 10 30 2.47677
70 10 30 2.40731
75 10 30 2.37952
80 10 30 2.36709
85 10 30 2.41526
90 10 30 2.4938
95 10 30 2.24548
55 10 25 2.85362
60 10 25 2.59772
65 10 25 2.48759
70 10 25 2.34449
75 10 25 2.26857
80 10 25 2.22976
85 10 25 2.26898
90 10 25 2.38584
95 10 25 2.17929
55 10 20 2.88132
60 10 20 2.62667
65 10 20 2.50002
70 10 20 2.33515
75 10 20 2.24412
80 10 20 2.1974
85 10 20 2.2396
90 10 20 2.36919
95 10 20 2.18486
55 10 15 2.85362
60 10 15 2.59772
65 10 15 2.48759
70 10 15 2.34449
75 10 15 2.26857
80 10 15 2.22976
85 10 15 2.26898
90 10 15 2.38584
95 10 15 2.17929
55 10 10 2.74218
60 10 10 2.5133
65 10 10 2.47677
70 10 10 2.40731
75 10 10 2.37952
80 10 10 2.36709
85 10 10 2.41526
90 10 10 2.4938
95 10 10 2.24548
55 10 5 2.50228
60 10 5 2.44193
65 10 5 2.59025
70 10 5 2.6632
75 10 5 2.71823
80 10 5 2.75765
85 10 5 2.84618
90 10 5 2.9623
95 10 5 2.5881
55 5 35 7.28271
60 5 35 6.71833
65 5 35 5.98001
70 5 35 5.22042
75 5 35 4.46496
80 5 35 3.6933
85 5 35 2.86909
90 5 35 2.14723
95 5 35 2.04232
55 5 30 7.25465
60 5 30 6.64983
65 5 30 5.8933
70 5 30 5.14214
75 5 30 4.39846
80 5 30 3.62785
85 5 30 2.78573
90 5 30 1.94935
95 5 30 1.78654
55 5 25 7.21407
60 5 25 6.58238
65 5 25 5.82164
70 5 25 5.08592
75 5 25 4.35825
80 5 25 3.58703
85 5 25 2.71318
90 5 25 1.87644
95 5 25 1.80418
55 5 20 7.19781
60 5 20 6.55831
65 5 20 5.79589
70 5 20 5.06518
75 5 20 4.34267
80 5 20 3.56817
85 5 20 2.6858
90 5 20 1.85446
95 5 20 1.79554
55 5 15 7.21407
60 5 15 6.58238
65 5 15 5.82164
70 5 15 5.08592
75 5 15 4.35825
80 5 15 3.58703
85 5 15 2.71318
90 5 15 1.87644
95 5 15 1.80418
55 5 10 7.25465
60 5 10 6.64983
65 5 10 5.8933
70 5 10 5.14214
75 5 10 4.39846
80 5 10 3.62785
85 5 10 2.78573
90 5 10 1.94935
95 5 10 1.78654
55 5 5 7.28271
60 5 5 6.71833
65 5 5 5.98001
70 5 5 5.22042
75 5 5 4.46496
80 5 5 3.6933
85 5 5 2.86909
90 5 5 2.14723
95 5 5 2.04232
5 35 35 5.39231
10 35 35 5.6304
15 35 35 5.20376
20 35 35 4.81309
25 35 35 4.4035
30 35 35 3.9281
35 35 35 3.30115
40 35 35 2.43116
45 35 35 1.39689
5 35 30 5.18551
10 35 30 5.57369
15 35 30 5.28565
20 35 30 4.87307
25 35 30 4.4025
30 35 30 3.86928
35 35 30 3.20825
40 35 30 2.36862
45 35 30 1.52634
5 35 25 5.11563
10 35 25 5.49928
15 35 25 5.25266
20 35 25 4.87036
25 35 25 4.398
30 35 25 3.86044
35 35 25 3.2106
40 35 25 2.41965
45 35 25 1.68799
5 35 20 5.099
10 35 20 5.4742
15 35 20 5.234
20 35 20 4.86226
25 35 20 4.3957
30 35 20 3.86172
35 35 20 3.22028
40 35 20 2.44921
45 35 20 1.7467
5 35 15 5.11563
10 35 15 5.49928
15 35 15 5.25266
20 35 15 4.87036
25 35 15 4.398
30 35 15 3.86044
35 35 15 3.2106
40 35 15 2.41965
45 35 15 1.68799
5 35 10 5.18551
10 35 10 5.57369
15 35 10 5.28565
20 35 10 4.87307
25 35 10 4.4025
30 35 10 3.86928
35 35 10 3.20825
40 35 10 2.36862
45 35 10 1.52634
5 35 5 5.39231
10 35 5 5.6304
15 35 5 5.20376
20 35 5 4.81309
25 35 5 4.4035
30 35 5 3.9281
35 35 5 3.30115
40 35 5 2.43116
45 35 5 1.39689
5 30 35 3.38888
10 30 35 3.83857
15 30 35 3.86411
20 30 35 3.88889
25 30 35 4.02997
30 30 35 4.24132
35 30 35 4.35481
40 30 35 3.93726
45 30 35 3.00102
5 30 30 3.26052
10 30 30 3.85268
15 30 30 3.94853
20 30 30 3.92111
25 30 30 3.97555
30 30 30 4.10503
35 30 30 4.1731
40 30 30 3.79718
45 30 30 3.19322
5 30 25 3.22534
10 30 25 3.82878
15 30 25 3.95655
20 30 25 3.93714
25 30 25 3.97405
30 30 25 4.08648
35 30 25 4.1585
40 30 25 3.83339
45 30 25 3.35255
5 30 20 3.21719
10 30 20 3.82116
15 30 20 3.95463
20 30 20 3.94059
25 30 20 3.97784
30 30 20 4.08978
35 30 20 4.16751
40 30 20 3.85754
45 30 20 3.39249
5 30 15 3.22534
10 30 15 3.82878
15 30 15 3.95655
20 30 15 3.93714
25 30 15 3.97405
30 30 15 4.08648
35 30 15 4.1585
40 30 15 3.83339
45 30 15 3.35255
5 30 10 3.26052
10 30 10 3.85268
15 30 10 3.94853
20 30 10 3.92111
25 30 10 3.97555
30 30 10 4.10503
35 30 10 4.1731
40 30 10 3.79718
45 30 10 3.19322
5 30 5 3.38888
10 30 5 3.83857
15 30 5 3.86411
20 30 5 3.88889
25 30 5 4.02997
30 30 5 4.24132
35 30 5 4.35481
40 30 5 3.93726
45 30 5 3.00102
5 25 35 1.78383
10 25 35 2.26849
15 25 35 2.56424
20 25 35 2.89403
25 25 35 3.36209
30 25 35 3.97951
35 25 35 4.65684
40 25 35 5.22332
45 25 35 4.34092
5 25 30 1.81701
10 25 30 2.37277
15 25 30 2.64956
20 25 30 2.90122
25 25 30 3.27975
30 25 30 3.82386
35 25 30 4.46926
40 25 30 5.12533
45 25 30 4.65813
5 25 25 1.8493
10 25 25 2.41507
15 25 25 2.69316
20 25 25 2.92433
25 25 25 3.27366
30 25 25 3.79878
35 25 25 4.45303
40 25 25 5.16588
45 25 25 4.74402
5 25 20 1.86066
10 25 20 2.42851
15 25 20 2.70637
20 25 20 2.93444
25 25 20 3.27834
30 25 20 3.80108
35 25 20 4.46084
40 25 20 5.18388
45 25 20 4.75731
5 25 15 1.8493
10 25 15 2.41507
15 25 15 2.69316
20 25 15 2.92433
25 25 15 3.27366
30 25 15 3.79878
35 25 15 4.45303
40 25 15 5.16588
45 25 15 4.74402
5 25 10 1.81701
10 25 10 2.37277
15 25 10 2.64956
20 25 10 2.90122
25 25 10 3.27975
30 25 10 3.82386
35 25 10 4.46926
40 25 10 5.12533
45 25 10 4.65813
5 25 5 1.78383
10 25 5 2.26849
15 25 5 2.56424
20 25 5 2.89403
25 25 5 3.36209
30 25 5 3.97951
35 25 5 4.65684
40 25 5 5.22332
45 25 5 4.34092
5 20 35 0.691827
10 20 35 1.13767
15 20 35 1.39804
20 20 35 1.6628
25 20 35 2.10484
30 20 35 2.79761
35 20 35 3.76193
40 20 35 5.06576
45 20 35 7.20038
5 20 30 0.948414
10 20 30 1.38617
15 20 30 1.54825
20 20 30 1.69963
25 20 30 2.03374
30 20 30 2.64618
35 20 30 3.58134
40 20 30 4.96613
45 20 30 7.18682
5 20 25 1.06736
10 20 25 1.50322
15 20 25 1.64387
20 20 25 1.74538
25 20 25 2.02863
30 20 25 2.61063
35 20 25 3.54884
40 20 25 4.94321
45 20 25 7.08984
5 20 20 1.10205
10 20 20 1.53905
15 20 20 1.67459
20 20 20 1.76387
25 20 20 2.03254
30 20 20 2.60709
35 20 20 3.54557
40 20 20 4.9348
45 20 20 7.05424
5 20 15 1.06736
10 20 15 1.50322
15 20 15 1.64387
20 20 15 1.74538
25 20 15 2.02863
30 20 15 2.61063
35 20 15 3.54884
40 20 15 4.94321
45 20 15 7.08984
5 20 10 0.948414
10 20 10 1.38617
15 20 10 1.54825
20 20 10 1.69963
25 20 10 2.03374
30 20 10 2.64618
35 20 10 3.58134
40 20 10 4.96613
45 20 10 7.18682
5 20 5 0.691827
10 20 5 1.13767
15 20 5 1.39804
20 20 5 1.6628
25 20 5 2.10484
30 20 5 2.79761
35 20 5 3.76193
40 20 5 5.06576
45 20 5 7.20038
5 15 35 1.67611
10 15 35 1.88214
15 15 35 1.7214
20 15 35 1.374
25 15 35 0.989738
30 15 35 1.00155
35 15 35 1.69038
40 15 35 2.61119
45 15 35 3.08534
5 15 30 1.67856
10 15 30 2.00218
15 15 30 1.88375
20 15 30 1.52092
25 15 30 1.06381
30 15 30 0.860975
35 15 30 1.42266
40 15 30 2.33505
45 15 30 2.89185
5 15 25 1.70536
10 15 25 2.05378
15 15 25 1.95932
20 15 25 1.59638
25 15 25 1.10267
30 15 25 0.792635
35 15 25 1.30856
40 15 25 2.21327
45 15 25 2.69007
5 15 20 1.71643
10 15 20 2.07061
15 15 20 1.98075
20 15 20 1.61848
25 15 20 1.11329
30 15 20 0.769917
35 15 20 1.27419
40 15 20 2.17388
45 15 20 2.61615
5 15 15 1.70536
10 15 15 2.05378
15 15 15 1.95932
20 15 15 1.59638
25 15 15 1.10267
30 15 15 0.792635
35 15 15 1.30856
40 15 15 2.21327
45 15 15 2.69007
5 15 10 1.67856
10 15 10 2.00218
15 15 10 1.88375
20 15 10 1.52092
25 15 10 1.06381
30 15 10 0.860975
35 15 10 1.42266
40 15 10 2.33505
45 15 10 2.89185
5 15 5 1.67611
10 15 5 1.88214
15 15 5 1.7214
20 15 5 1.374
25 15 5 0.989738
30 15 5 1.00155
35 15 5 1.69038
40 15 5 2.61119
45 15 5 3.08534
5 10 35 3.35885
10 10 35 3.67057
15 10 35 3.46191
20 10 35 3.12271
25 10 35 2.76371
30 10 35 2.47268
35 10 35 2.41919
40 10 35 2.62759
45 10 35 2.7641
5 10 30 3.18696
10 10 30 3.66663
15 10 30 3.58051
20 10 30 3.25706
25 10 30 2.8824
30 10 30 2.54306
35 10 30 2.39412
40 10 30 2.53165
45 10 30 2.76095
5 10 25 3.14059
10 10 25 3.64137
15 10 25 3.6079
20 10 25 3.31879
25 10 25 2.94527
30 10 25 2.58432
35 10 25 2.40335
40 10 25 2.53204
45 10 25 2.78327
5 10 20 3.13088
10 10 20 3.63495
15 10 20 3.61215
20 10 20 3.33438
25 10 20 2.96362
30 10 20 2.5967
35 10 20 2.40828
40 10 20 2.53578
45 10 20 2.78902
5 10 15 3.14059
10 10 15 3.64137
15 10 15 3.6079
20 10 15 3.31879
25 10 15 2.94527
30 10 15 2.58432
35 10 15 2.40335
40 10 15 2.53204
45 10 15 2.78327
5 10 10 3.18696
10 10 10 3.66663
15 10 10 3.58051
20 10 10 3.25706
25 10 10 2.8824
30 10 10 2.54306
35 10 10 2.39412
40 10 10 2.53165
45 10 10 2.76095
5 10 5 3.35885
10 10 5 3.67057
15 10 5 3.46191
20 10 5 3.12271
25 10 5 2.76371
30 10 5 2.47268
35 10 5 2.41919
40 10 5 2.62759
45 10 5 2.7641
5 5 35 5.39465
10 5 35 5.68564
15 5 35 5.37359
20 5 35 5.1881
25 5 35 5.13998
30 5 35 5.27892
35 5 35 5.67643
40 5 35 6.32843
45 5 35 7.0294
5 5 30 5.15012
10 5 30 5.61117
15 5 30 5.47749
20 5 30 5.32001
25 5 30 5.26574
30 5 30 5.38798
35 5 30 5.75734
40 5 30 6.37955
45 5 30 7.06672
5 5 25 5.07389
10 5 25 5.54594
15 5 25 5.47973
20 5 25 5.38314
25 5 25 5.34883
30 5 25 5.46712
35 5 25 5.81899
40 5 25 6.41965
45 5 25 7.08598
5 5 20 5.0577
10 5 20 5.52655
15 5 20 5.4751
20 5 20 5.39853
25 5 20 5.37522
30 5 20 5.49339
35 5 20 5.83964
40 5 20 6.4329
45 5 20 7.09036
5 5 15 5.07389
10 5 15 5.54594
15 5 15 5.47973
20 5 15 5.38314
25 5 15 5.34883
30 5 15 5.46712
35 5 15 5.81899
40 5 15 6.41965
45 5 15 7.08598
5 5 10 5.15012
10 5 10 5.61117
15 5 10 5.47749
20 5 10 5.32001
25 5 10 5.26574
30 5 10 5.38798
35 5 10 5.75734
40 5 10 6.37955
45 5 10 7.06672
5 5 5 5.39465
10 5 5 5.68564
15 5 5 5.37359
20 5 5 5.1881
25 5 5 5.13998
30 5 5 5.27892
35 5 5 5.67643
40 5 5 6.32843
45 5 5 7.0294
