50 20 40 13.5817
100 20 40 0.567381
100 20 0 0.567381
50 20 0 13.5817
100 0 40 1.08912
100 0 0 1.08912
50 0 0 -13.841
50 0 40 -13.841
0 40 40 12.0802
50 40 40 -0.0242382
50 40 0 -0.0242382
0 40 0 12.0802
0 0 0 -11.9184
0 0 40 -11.9184
55 20 40 15.9135
60 20 40 13.1374
65 20 40 11.4072
70 20 40 9.99571
75 20 40 8.46808
80 20 40 6.77385
85 20 40 4.84329
90 20 40 2.7834
95 20 40 1.19689
100 20 35 0.424344
100 20 30 0.458465
100 20 25 0.439685
100 20 20 0.43208
100 20 15 0.439685
100 20 10 0.458465
100 20 5 0.424344
95 20 0 1.19689
90 20 0 2.7834
85 20 0 4.84329
80 20 0 6.77385
75 20 0 8.46808
70 20 0 9.99571
65 20 0 11.4072
60 20 0 13.1374
55 20 0 15.9135
50 20 5 15.7239
50 20 10 16.4409
50 20 15 16.7795
50 20 20 16.8623
50 20 25 16.7795
50 20 30 16.4409
50 20 35 15.7239
95 0 40 -6.70579
90 0 40 -4.6894
85 0 40 -5.49406
80 0 40 -6.78609
75 0 40 -8.45705
70 0 40 -10.2318
65 0 40 -11.9674
60 0 40 -13.399
55 0 40 -14.1234
100 0 5 -1.89304
100 0 10 -0.292641
100 0 15 -0.230604
100 0 20 -0.142984
100 0 25 -0.230604
100 0 30 -0.292641
100 0 35 -1.89304
55 0 0 -14.1234
60 0 0 -13.399
65 0 0 -11.9674
70 0 0 -10.2318
75 0 0 -8.45705
80 0 0 -6.78609
85 0 0 -5.49406
90 0 0 -4.6894
95 0 0 -6.70579
50 0 35 -14.018
50 0 30 -14.0407
50 0 25 -14.1044
50 0 20 -14.1341
50 0 15 -14.1044
50 0 10 -14.0407
50 0 5 -14.018
50 5 0 -6.97474
50 10 0 -1.67961
50 15 0 3.84502
50 15 40 3.84502
50 10 40 -1.67961
50 5 40 -6.97474
100 5 0 4.77178
100 10 0 1.4261
100 15 0 0.841211
100 15 40 0.841211
100 10 40 1.4261
100 5 40 4.77178
5 40 40 8.19069
10 40 40 7.1129
15 40 40 6.51816
20 40 40 6.00142
25 40 40 5.16724
30 40 40 3.96975
35 40 40 2.50043
40 40 40 1.11703
45 40 40 0.334006
50 40 35 -0.0891567
50 40 30 -0.0308678
50 40 25 -0.0230581
50 40 20 -0.0283392
50 40 15 -0.0230581
50 40 10 -0.0308678
50 40 5 -0.0891567
45 40 0 0.334006
40 40 0 1.11703
35 40 0 2.50043
30 40 0 3.96975
25 40 0 5.16724
20 40 0 6.00142
15 40 0 6.51816
10 40 0 7.1129
5 40 0 8.19069
0 40 5 10.5049
0 40 10 10.7055
0 40 15 10.8234
0 40 20 10.8722
0 40 25 10.8234
0 40 30 10.7055
0 40 35 10.5049
45 0 40 -12.6233
40 0 40 -10.8911
35 0 40 -9.23184
30 0 40 -8.02659
25 0 40 -7.34123
20 0 40 -7.04135
15 0 40 -6.94121
10 0 40 -7.21937
5 0 40 -8.127
5 0 0 -8.127
10 0 0 -7.21937
15 0 0 -6.94121
20 0 0 -7.04135
25 0 0 -7.34123
30 0 0 -8.02659
35 0 0 -9.23184
40 0 0 -10.8911
45 0 0 -12.6233
0 0 35 -10.1861
0 0 30 -10.3586
0 0 25 -10.4882
0 0 20 -10.5454
0 0 15 -10.4882
0 0 10 -10.3586
0 0 5 -10.1861
0 35 0 7.83351
0 30 0 4.96456
0 25 0 2.40801
0 20 0 -0.0486235
0 15 0 -2.54491
0 10 0 -5.17174
0 5 0 -8.01643
0 5 40 -8.01643
0 10 40 -5.17174
0 15 40 -2.54491
0 20 40 -0.0486235
0 25 40 2.40801
0 30 40 4.96456
0 35 40 7.83351
50 25 0 0.806537
50 30 0 0.607086
50 35 0 0.272273
50 35 40 0.272273
50 30 40 0.607086
50 25 40 0.806537
55 20 35 17.4567
60 20 35 13.8858
65 20 35 11.6588
70 20 35 10.0943
75 20 35 8.47285
80 20 35 6.69405
85 20 35 4.66351
90 20 35 2.53932
95 20 35 0.999511
55 20 30 17.8218
60 20 30 14.0453
65 20 30 11.7891
70 20 30 10.1247
75 20 30 8.43796
80 20 30 6.62508
85 20 30 4.61573
90 20 30 2.54983
95 20 30 1.03034
55 20 25 17.9937
60 20 25 14.088
65 20 25 11.8091
70 20 25 10.1327
75 20 25 8.42012
80 20 25 6.59969
85 20 25 4.6058
90 20 25 2.56531
95 20 25 1.04798
55 20 20 18.0379
60 20 20 14.099
65 20 20 11.8098
70 20 20 10.131
75 20 20 8.4149
80 20 20 6.5935
85 20 20 4.60493
90 20 20 2.56958
95 20 20 1.05481
55 20 15 17.9937
60 20 15 14.088
65 20 15 11.8091
70 20 15 10.1327
75 20 15 8.42012
80 20 15 6.59969
85 20 15 4.6058
90 20 15 2.56531
95 20 15 1.04798
55 20 10 17.8218
60 20 10 14.0453
65 20 10 11.7891
70 20 10 10.1247
75 20 10 8.43796
80 20 10 6.62508
85 20 10 4.61573
90 20 10 2.54983
95 20 10 1.03034
55 20 5 17.4567
60 20 5 13.8858
65 20 5 11.6588
70 20 5 10.0943
75 20 5 8.47285
80 20 5 6.69405
85 20 5 4.66351
90 20 5 2.53932
95 20 5 0.999511
55 0 35 -14.3161
60 0 35 -13.5838
65 0 35 -12.1254
70 0 35 -10.3599
75 0 35 -8.57346
80 0 35 -6.94576
85 0 35 -5.75249
90 0 35 -5.12912
95 0 35 -4.80563
55 0 30 -14.2831
60 0 30 -13.5271
65 0 30 -12.0755
70 0 30 -10.3463
75 0 30 -8.60446
80 0 30 -7.00754
85 0 30 -5.7322
90 0 30 -4.70381
95 0 30 -4.89637
55 0 25 -14.2956
60 0 25 -13.4949
65 0 25 -12.0282
70 0 25 -10.3118
75 0 25 -8.59022
80 0 25 -6.98866
85 0 25 -5.65371
90 0 25 -4.69507
95 0 25 -4.85626
55 0 20 -14.3041
60 0 20 -13.4852
65 0 20 -12.0102
70 0 20 -10.2959
75 0 20 -8.5788
80 0 20 -6.97243
85 0 20 -5.6409
90 0 20 -4.68543
95 0 20 -4.82518
55 0 15 -14.2956
60 0 15 -13.4949
65 0 15 -12.0282
70 0 15 -10.3118
75 0 15 -8.59022
80 0 15 -6.98866
85 0 15 -5.65371
90 0 15 -4.69507
95 0 15 -4.85626
55 0 10 -14.2831
60 0 10 -13.5271
65 0 10 -12.0755
70 0 10 -10.3463
75 0 10 -8.60446
80 0 10 -7.00754
85 0 10 -5.7322
90 0 10 -4.70381
95 0 10 -4.89637
55 0 5 -14.3161
60 0 5 -13.5838
65 0 5 -12.1254
70 0 5 -10.3599
75 0 5 -8.57346
80 0 5 -6.94576
85 0 5 -5.75249
90 0 5 -5.12912
95 0 5 -4.80563
50 15 35 5.18068
50 15 30 5.36242
50 15 25 5.4604
50 15 20 5.48671
50 15 15 5.4604
50 15 10 5.36242
50 15 5 5.18068
50 10 35 -1.14841
50 10 30 -1.01648
50 10 25 -0.99374
50 10 20 -0.987113
50 10 15 -0.99374
50 10 10 -1.01648
50 10 5 -1.14841
50 5 35 -6.97131
50 5 30 -6.92527
50 5 25 -6.91283
50 5 20 -6.91321
50 5 15 -6.91283
50 5 10 -6.92527
50 5 5 -6.97131
100 15 35 0.667549
100 15 30 0.599402
100 15 25 0.574223
100 15 20 0.577117
100 15 15 0.574223
100 15 10 0.599402
100 15 5 0.667549
100 10 35 0.876853
100 10 30 0.771239
100 10 25 0.83806
100 10 20 0.838146
100 10 15 0.83806
100 10 10 0.771239
100 10 5 0.876853
100 5 35 1.47542
100 5 30 1.99451
100 5 25 1.95336
100 5 20 1.96816
100 5 15 1.95336
100 5 10 1.99451
100 5 5 1.47542
55 15 40 4.25724
60 15 40 5.60391
65 15 40 5.3693
70 15 40 4.77984
75 15 40 4.10044
80 15 40 3.41683
85 15 40 2.69522
90 15 40 1.87075
95 15 40 1.13731
55 10 40 -1.346
60 10 40 -0.766285
65 10 40 -0.181355
70 10 40 0.0275428
75 10 40 0.148582
80 10 40 0.328935
85 10 40 0.667271
90 10 40 0.687997
95 10 40 0.464949
55 5 40 -6.8639
60 5 40 -6.37171
65 5 40 -5.62756
70 5 40 -4.78938
75 5 40 -3.94329
80 5 40 -3.04667
85 5 40 -2.01589
90 5 40 -0.261249
95 5 40 -0.422368
55 15 0 4.25724
60 15 0 5.60391
65 15 0 5.3693
70 15 0 4.77984
75 15 0 4.10044
80 15 0 3.41683
85 15 0 2.69522
90 15 0 1.87075
95 15 0 1.13731
55 10 0 -1.346
60 10 0 -0.766285
65 10 0 -0.181355
70 10 0 0.0275428
75 10 0 0.148582
80 10 0 0.328935
85 10 0 0.667271
90 10 0 0.687997
95 10 0 0.464949
55 5 0 -6.8639
60 5 0 -6.37171
65 5 0 -5.62756
70 5 0 -4.78938
75 5 0 -3.94329
80 5 0 -3.04667
85 5 0 -2.01589
90 5 0 -0.261249
95 5 0 -0.422368
5 40 35 8.04689
10 40 35 7.70958
15 40 35 7.00161
20 40 35 6.28489
25 40 35 5.30162
30 40 35 3.97443
35 40 35 2.40781
40 40 35 0.989932
45 40 35 0.229303
5 40 30 8.2492
10 40 30 7.58127
15 40 30 7.04448
20 40 30 6.32385
25 40 30 5.30224
30 40 30 3.94447
35 40 30 2.38387
40 40 30 0.999015
45 40 30 0.273324
5 40 25 8.37547
10 40 25 7.58676
15 40 25 7.00027
20 40 25 6.30629
25 40 25 5.28432
30 40 25 3.92068
35 40 25 2.35949
40 40 25 0.984012
45 40 25 0.276622
5 40 20 8.41019
10 40 20 7.58888
15 40 20 6.98815
20 40 20 6.29221
25 40 20 5.27502
30 40 20 3.91088
35 40 20 2.34911
40 40 20 0.975411
45 40 20 0.271649
5 40 15 8.37547
10 40 15 7.58676
15 40 15 7.00027
20 40 15 6.30629
25 40 15 5.28432
30 40 15 3.92068
35 40 15 2.35949
40 40 15 0.984012
45 40 15 0.276622
5 40 10 8.2492
10 40 10 7.58127
15 40 10 7.04448
20 40 10 6.32385
25 40 10 5.30224
30 40 10 3.94447
35 40 10 2.38387
40 40 10 0.999015
45 40 10 0.273324
5 40 5 8.04689
10 40 5 7.70958
15 40 5 7.00161
20 40 5 6.28489
25 40 5 5.30162
30 40 5 3.97443
35 40 5 2.40781
40 40 5 0.989932
45 40 5 0.229303
5 0 35 -7.84917
10 0 35 -7.68718
15 0 35 -7.29954
20 0 35 -7.21244
25 0 35 -7.41044
30 0 35 -8.05951
35 0 35 -9.27933
40 0 35 -10.9785
45 0 35 -12.7602
5 0 30 -8.03
10 0 30 -7.56496
15 0 30 -7.38744
20 0 30 -7.3522
25 0 30 -7.57119
30 0 30 -8.23207
35 0 30 -9.45135
40 0 30 -11.1244
45 0 30 -12.8516
5 0 25 -8.16546
10 0 25 -7.59828
15 0 25 -7.39768
20 0 25 -7.42249
25 0 25 -7.67401
30 0 25 -8.35265
35 0 25 -9.57997
40 0 25 -11.2505
45 0 25 -12.9575
5 0 20 -8.20703
10 0 20 -7.61368
15 0 20 -7.40781
20 0 20 -7.44161
25 0 20 -7.70846
30 0 20 -8.39506
35 0 20 -9.62716
40 0 20 -11.2994
45 0 20 -13.0016
5 0 15 -8.16546
10 0 15 -7.59828
15 0 15 -7.39768
20 0 15 -7.42249
25 0 15 -7.67401
30 0 15 -8.35265
35 0 15 -9.57997
40 0 15 -11.2505
45 0 15 -12.9575
5 0 10 -8.03
10 0 10 -7.56496
15 0 10 -7.38744
20 0 10 -7.3522
25 0 10 -7.57119
30 0 10 -8.23207
35 0 10 -9.45135
40 0 10 -11.1244
45 0 10 -12.8516
5 0 5 -7.84917
10 0 5 -7.68718
15 0 5 -7.29954
20 0 5 -7.21244
25 0 5 -7.41044
30 0 5 -8.05951
35 0 5 -9.27933
40 0 5 -10.9785
45 0 5 -12.7602
0 35 35 6.32126
0 35 30 6.23261
0 35 25 6.20872
0 35 20 6.21042
0 35 15 6.20872
0 35 10 6.23261
0 35 5 6.32126
0 30 35 3.98028
0 30 30 3.90441
0 30 25 3.87513
0 30 20 3.8719
0 30 15 3.87513
0 30 10 3.90441
0 30 5 3.98028
0 25 35 1.92705
0 25 30 1.89238
0 25 25 1.877
0 25 20 1.87494
0 25 15 1.877
0 25 10 1.89238
0 25 5 1.92705
0 20 35 -0.00466559
0 20 30 0.00796392
0 20 25 0.0132692
0 20 20 0.0145497
0 20 15 0.0132692
0 20 10 0.00796392
0 20 5 -0.00466559
0 15 35 -1.96407
0 15 30 -1.89892
0 15 25 -1.87145
0 15 20 -1.86667
0 15 15 -1.87145
0 15 10 -1.89892
0 15 5 -1.96407
0 10 35 -4.05804
0 10 30 -3.93969
0 10 25 -3.89633
0 10 20 -3.89067
0 10 15 -3.89633
0 10 10 -3.93969
0 10 5 -4.05804
0 5 35 -6.34692
0 5 30 -6.20933
0 5 25 -6.17565
0 5 20 -6.17753
0 5 15 -6.17565
0 5 10 -6.20933
0 5 5 -6.34692
50 35 35 0.19012
50 35 30 0.22501
50 35 25 0.224392
50 35 20 0.221619
50 35 15 0.224392
50 35 10 0.22501
50 35 5 0.19012
50 30 35 0.673807
50 30 30 0.69085
50 30 25 0.665883
50 30 20 0.665024
50 30 15 0.665883
50 30 10 0.69085
50 30 5 0.673807
50 25 35 0.87207
50 25 30 0.909937
50 25 25 0.977786
50 25 20 1.00758
50 25 15 0.977786
50 25 10 0.909937
50 25 5 0.87207
5 35 40 5.60211
10 35 40 5.1476
15 35 40 4.68118
20 35 40 4.3549
25 35 40 3.91865
30 35 40 3.32549
35 35 40 2.52712
40 35 40 1.63181
45 35 40 0.893855
5 30 40 3.6382
10 30 40 3.31213
15 30 40 3.25389
20 30 40 3.20863
25 30 40 3.1549
30 30 40 3.033
35 30 40 2.67264
40 30 40 1.75973
45 30 40 1.08244
5 25 40 1.80718
10 25 40 1.70874
15 25 40 1.82079
20 25 40 2.03197
25 25 40 2.3225
30 25 40 2.69718
35 25 40 3.06752
40 25 40 3.01756
45 25 40 1.25883
5 20 40 -0.00738972
10 20 40 0.112296
15 20 40 0.309032
20 20 40 0.631096
25 20 40 1.12948
30 20 40 1.86194
35 20 40 2.92327
40 20 40 4.63811
45 20 40 7.12876
5 15 40 -1.86674
10 15 40 -1.58076
15 15 40 -1.38434
20 15 40 -1.09089
25 15 40 -0.607864
30 15 40 0.0997579
35 15 40 1.07469
40 15 40 2.17608
45 15 40 2.80345
5 10 40 -3.78977
10 10 40 -3.40806
15 10 40 -3.26332
20 10 40 -3.08123
25 10 40 -2.82345
30 10 40 -2.48364
35 10 40 -2.13131
40 10 40 -1.99312
45 10 40 -2.09021
5 5 40 -5.77974
10 5 40 -5.4125
15 5 40 -5.13385
20 5 40 -5.13334
25 5 40 -5.21227
30 5 40 -5.40131
35 5 40 -5.75357
40 5 40 -6.27282
45 5 40 -6.75306
5 35 0 5.60211
10 35 0 5.1476
15 35 0 4.68118
20 35 0 4.3549
25 35 0 3.91865
30 35 0 3.32549
35 35 0 2.52712
40 35 0 1.63181
45 35 0 0.893855
5 30 0 3.6382
10 30 0 3.31213
15 30 0 3.25389
20 30 0 3.20863
25 30 0 3.1549
30 30 0 3.033
35 30 0 2.67264
40 30 0 1.75973
45 30 0 1.08244
5 25 0 1.80718
10 25 0 1.70874
15 25 0 1.82079
20 25 0 2.03197
25 25 0 2.3225
30 25 0 2.69718
35 25 0 3.06752
40 25 0 3.01756
45 25 0 1.25883
5 20 0 -0.00738972
10 20 0 0.112296
15 20 0 0.309032
20 20 0 0.631096
25 20 0 1.12948
30 20 0 1.86194
35 20 0 2.92327
40 20 0 4.63811
45 20 0 7.12876
5 15 0 -1.86674
10 15 0 -1.58076
15 15 0 -1.38434
20 15 0 -1.09089
25 15 0 -0.607864
30 15 0 0.0997579
35 15 0 1.07469
40 15 0 2.17608
45 15 0 2.80345
5 10 0 -3.78977
10 10 0 -3.40806
15 10 0 -3.26332
20 10 0 -3.08123
25 10 0 -2.82345
30 10 0 -2.48364
35 10 0 -2.13131
40 10 0 -1.99312
45 10 0 -2.09021
5 5 0 -5.77974
10 5 0 -5.4125
15 5 0 -5.13385
20 5 0 -5.13334
25 5 0 -5.21227
30 5 0 -5.40131
35 5 0 -5.75357
40 5 0 -6.27282
45 5 0 -6.75306
55 15 35 5.07581
60 15 35 6.31944
65 15 35 5.63211
70 15 35 4.85944
75 15 35 4.08735
80 15 35 3.31206
85 15 35 2.49702
90 15 35 1.61219
95 15 35 0.887
55 15 30 5.28022
60 15 30 6.63606
65 15 30 5.81267
70 15 30 4.92874
75 15 30 4.07549
80 15 30 3.24752
85 15 30 2.40551
90 15 30 1.53831
95 15 30 0.826714
55 15 25 5.3322
60 15 25 6.73467
65 15 25 5.89023
70 15 25 4.96542
75 15 25 4.07402
80 15 25 3.22254
85 15 25 2.37542
90 15 25 1.51104
95 15 25 0.819445
55 15 20 5.34996
60 15 20 6.75746
65 15 20 5.90843
70 15 20 4.9761
75 15 20 4.07505
80 15 20 3.21771
85 15 20 2.36898
90 15 20 1.50769
95 15 20 0.819371
55 15 15 5.3322
60 15 15 6.73467
65 15 15 5.89023
70 15 15 4.96542
75 15 15 4.07402
80 15 15 3.22254
85 15 15 2.37542
90 15 15 1.51104
95 15 15 0.819445
55 15 10 5.28022
60 15 10 6.63606
65 15 10 5.81267
70 15 10 4.92874
75 15 10 4.07549
80 15 10 3.24752
85 15 10 2.40551
90 15 10 1.53831
95 15 10 0.826714
55 15 5 5.07581
60 15 5 6.31944
65 15 5 5.63211
70 15 5 4.85944
75 15 5 4.08735
80 15 5 3.31206
85 15 5 2.49702
90 15 5 1.61219
95 15 5 0.887
55 10 35 -0.931906
60 10 35 -0.542178
65 10 35 -0.0767341
70 10 35 0.023281
75 10 35 0.0758341
80 10 35 0.185942
85 10 35 0.396695
90 10 35 0.431877
95 10 35 0.226516
55 10 30 -0.776262
60 10 30 -0.391898
65 10 30 0.034203
70 10 30 0.0568673
75 10 30 0.0502023
80 10 30 0.106006
85 10 30 0.278079
90 10 30 0.29725
95 10 30 0.141768
55 10 25 -0.726939
60 10 25 -0.324464
65 10 25 0.0970907
70 10 25 0.0875594
75 10 25 0.0471551
80 10 25 0.0812656
85 10 25 0.246799
90 10 25 0.279968
95 10 25 0.135994
55 10 20 -0.716401
60 10 20 -0.306002
65 10 20 0.116186
70 10 20 0.0985455
75 10 20 0.0490219
80 10 20 0.0777497
85 10 20 0.243375
90 10 20 0.278101
95 10 20 0.140823
55 10 15 -0.726939
60 10 15 -0.324464
65 10 15 0.0970907
70 10 15 0.0875594
75 10 15 0.0471551
80 10 15 0.0812656
85 10 15 0.246799
90 10 15 0.279968
95 10 15 0.135994
55 10 10 -0.776262
60 10 10 -0.391898
65 10 10 0.034203
70 10 10 0.0568673
75 10 10 0.0502023
80 10 10 0.106006
85 10 10 0.278079
90 10 10 0.29725
95 10 10 0.141768
55 10 5 -0.931906
60 10 5 -0.542178
65 10 5 -0.0767341
70 10 5 0.023281
75 10 5 0.0758341
80 10 5 0.185942
85 10 5 0.396695
90 10 5 0.431877
95 10 5 0.226516
55 5 35 -6.88592
60 5 35 -6.44585
65 5 35 -5.72895
70 5 35 -4.88998
75 5 35 -4.05474
80 5 35 -3.21248
85 5 35 -2.28563
90 5 35 -1.11471
95 5 35 -0.755832
55 5 30 -6.83488
60 5 30 -6.3941
65 5 30 -5.70025
70 5 30 -4.89514
75 5 30 -4.09884
80 5 30 -3.28377
85 5 30 -2.40136
90 5 30 -1.12578
95 5 30 -0.868005
55 5 25 -6.79832
60 5 25 -6.34758
65 5 25 -5.66033
70 5 25 -4.876
75 5 25 -4.10158
80 5 25 -3.29654
85 5 25 -2.38978
90 5 25 -1.12343
95 5 25 -0.82292
55 5 20 -6.78882
60 5 20 -6.33216
65 5 20 -5.64533
70 5 20 -4.86642
75 5 20 -4.09824
80 5 20 -3.29172
85 5 20 -2.38557
90 5 20 -1.11558
95 5 20 -0.834961
55 5 15 -6.79832
60 5 15 -6.34758
65 5 15 -5.66033
70 5 15 -4.876
75 5 15 -4.10158
80 5 15 -3.29654
85 5 15 -2.38978
90 5 15 -1.12343
95 5 15 -0.82292
55 5 10 -6.83488
60 5 10 -6.3941
65 5 10 -5.70025
70 5 10 -4.89514
75 5 10 -4.09884
80 5 10 -3.28377
85 5 10 -2.40136
90 5 10 -1.12578
95 5 10 -0.868005
55 5 5 -6.88592
60 5 5 -6.44585
65 5 5 -5.72895
70 5 5 -4.88998
75 5 5 -4.05474
80 5 5 -3.21248
85 5 5 -2.28563
90 5 5 -1.11471
95 5 5 -0.755832
5 35 35 5.38236
10 35 35 5.74811
15 35 35 5.14998
20 35 35 4.61196
25 35 35 4.02672
30 35 35 3.31282
35 35 35 2.42791
40 35 35 1.52907
45 35 35 0.80575
5 35 30 5.43665
10 35 30 5.70984
15 35 30 5.26372
20 35 30 4.70605
25 35 30 4.0661
30 35 30 3.30943
35 35 30 2.4033
40 35 30 1.51344
45 35 30 0.818314
5 35 25 5.47711
10 35 25 5.72979
15 35 25 5.26084
20 35 25 4.72201
25 35 25 4.0757
30 35 25 3.30837
35 35 25 2.39693
40 35 25 1.5114
45 35 25 0.826142
5 35 20 5.48562
10 35 20 5.73463
15 35 20 5.26022
20 35 20 4.72019
25 35 20 4.0767
30 35 20 3.30819
35 35 20 2.39579
40 35 20 1.51133
45 35 20 0.827032
5 35 15 5.47711
10 35 15 5.72979
15 35 15 5.26084
20 35 15 4.72201
25 35 15 4.0757
30 35 15 3.30837
35 35 15 2.39693
40 35 15 1.5114
45 35 15 0.826142
5 35 10 5.43665
10 35 10 5.70984
15 35 10 5.26372
20 35 10 4.70605
25 35 10 4.0661
30 35 10 3.30943
35 35 10 2.4033
40 35 10 1.51344
45 35 10 0.818314
5 35 5 5.38236
10 35 5 5.74811
15 35 5 5.14998
20 35 5 4.61196
25 35 5 4.02672
30 35 5 3.31282
35 35 5 2.42791
40 35 5 1.52907
45 35 5 0.80575
5 30 35 3.49941
10 30 35 3.70671
15 30 35 3.55321
20 30 35 3.34616
25 30 35 3.16372
30 30 35 2.94954
35 30 35 2.55389
40 30 35 1.66677
45 30 35 1.14539
5 30 30 3.54199
10 30 30 3.66577
15 30 30 3.63677
20 30 30 3.41114
25 30 30 3.18439
30 30 30 2.93181
35 30 30 2.52419
40 30 30 1.62658
45 30 30 1.15684
5 30 25 3.56182
10 30 25 3.67641
15 30 25 3.64094
20 30 25 3.43052
25 30 25 3.19667
30 30 25 2.93545
35 30 25 2.52275
40 30 25 1.61779
45 30 25 1.14618
5 30 20 3.56625
10 30 20 3.67783
15 30 20 3.64282
20 30 20 3.43217
25 30 20 3.20046
30 30 20 2.93848
35 30 20 2.52587
40 30 20 1.61923
45 30 20 1.14024
5 30 15 3.56182
10 30 15 3.67641
15 30 15 3.64094
20 30 15 3.43052
25 30 15 3.19667
30 30 15 2.93545
35 30 15 2.52275
40 30 15 1.61779
45 30 15 1.14618
5 30 10 3.54199
10 30 10 3.66577
15 30 10 3.63677
20 30 10 3.41114
25 30 10 3.18439
30 30 10 2.93181
35 30 10 2.52419
40 30 10 1.62658
45 30 10 1.15684
5 30 5 3.49941
10 30 5 3.70671
15 30 5 3.55321
20 30 5 3.34616
25 30 5 3.16372
30 30 5 2.94954
35 30 5 2.55389
40 30 5 1.66677
45 30 5 1.14539
5 25 35 1.74329
10 25 35 1.90408
15 25 35 1.94354
20 25 35 2.04523
25 25 35 2.23565
30 25 35 2.53051
35 25 35 2.87468
40 25 35 2.91989
45 25 35 1.04171
5 25 30 1.76459
10 25 30 1.88156
15 25 30 1.97152
20 25 30 2.057
25 25 30 2.21703
30 25 30 2.49367
35 25 30 2.84116
40 25 30 2.92654
45 25 30 0.971506
5 25 25 1.77491
10 25 25 1.88528
15 25 25 1.96994
20 25 25 2.06228
25 25 25 2.22038
30 25 25 2.49987
35 25 25 2.864
40 25 25 2.96819
45 25 25 0.953781
5 25 20 1.77684
10 25 20 1.88586
15 25 20 1.97025
20 25 20 2.06297
25 25 20 2.2233
30 25 20 2.50612
35 25 20 2.87611
40 25 20 2.98079
45 25 20 0.955222
5 25 15 1.77491
10 25 15 1.88528
15 25 15 1.96994
20 25 15 2.06228
25 25 15 2.22038
30 25 15 2.49987
35 25 15 2.864
40 25 15 2.96819
45 25 15 0.953781
5 25 10 1.76459
10 25 10 1.88156
15 25 10 1.97152
20 25 10 2.057
25 25 10 2.21703
30 25 10 2.49367
35 25 10 2.84116
40 25 10 2.92654
45 25 10 0.971506
5 25 5 1.74329
10 25 5 1.90408
15 25 5 1.94354
20 25 5 2.04523
25 25 5 2.23565
30 25 5 2.53051
35 25 5 2.87468
40 25 5 2.91989
45 25 5 1.04171
5 20 35 0.0134553
10 20 35 0.101591
15 20 35 0.264851
20 20 35 0.537604
25 20 35 0.969598
30 20 35 1.63006
35 20 35 2.63568
40 20 35 4.38054
45 20 35 7.40457
5 20 30 0.0210087
10 20 30 0.100372
15 20 30 0.245013
20 20 30 0.498068
25 20 30 0.914157
30 20 30 1.57662
35 20 30 2.6304
40 20 30 4.54018
45 20 30 7.64891
5 20 25 0.0245243
10 20 25 0.0988943
15 20 25 0.237475
20 20 25 0.485005
25 20 25 0.902432
30 20 25 1.5803
35 20 25 2.67249
40 20 25 4.6167
45 20 25 7.76856
5 20 20 0.025522
10 20 20 0.0984088
15 20 20 0.235484
20 20 20 0.482393
25 20 20 0.90174
30 20 20 1.58675
35 20 20 2.68767
40 20 20 4.64142
45 20 20 7.80985
5 20 15 0.0245243
10 20 15 0.0988943
15 20 15 0.237475
20 20 15 0.485005
25 20 15 0.902432
30 20 15 1.5803
35 20 15 2.67249
40 20 15 4.6167
45 20 15 7.76856
5 20 10 0.0210087
10 20 10 0.100372
15 20 10 0.245013
20 20 10 0.498068
25 20 10 0.914157
30 20 10 1.57662
35 20 10 2.6304
40 20 10 4.54018
45 20 10 7.64891
5 20 5 0.0134553
10 20 5 0.101591
15 20 5 0.264851
20 20 5 0.537604
25 20 5 0.969598
30 20 5 1.63006
35 20 5 2.63568
40 20 5 4.38054
45 20 5 7.40457
5 15 35 -1.74957
10 15 35 -1.77991
15 15 35 -1.57053
20 15 35 -1.25653
25 15 35 -0.793291
30 15 35 -0.12851
35 15 35 0.833183
40 15 35 2.0715
45 15 35 3.42004
5 15 30 -1.75109
10 15 30 -1.75332
15 15 30 -1.63009
20 15 30 -1.33812
25 15 30 -0.877525
30 15 30 -0.200409
35 15 30 0.801486
40 15 30 2.10745
45 15 30 3.46241
5 15 25 -1.75318
10 15 25 -1.75874
15 15 25 -1.6427
20 15 25 -1.37005
25 15 25 -0.908802
30 15 25 -0.214863
35 15 25 0.816846
40 15 25 2.13622
45 15 25 3.50972
5 15 20 -1.75303
10 15 20 -1.76038
15 15 20 -1.64746
20 15 20 -1.37724
25 15 20 -0.916127
30 15 20 -0.215865
35 15 20 0.822806
40 15 20 2.14613
45 15 20 3.52534
5 15 15 -1.75318
10 15 15 -1.75874
15 15 15 -1.6427
20 15 15 -1.37005
25 15 15 -0.908802
30 15 15 -0.214863
35 15 15 0.816846
40 15 15 2.13622
45 15 15 3.50972
5 15 10 -1.75109
10 15 10 -1.75332
15 15 10 -1.63009
20 15 10 -1.33812
25 15 10 -0.877525
30 15 10 -0.200409
35 15 10 0.801486
40 15 10 2.10745
45 15 10 3.46241
5 15 5 -1.74957
10 15 5 -1.77991
15 15 5 -1.57053
20 15 5 -1.25653
25 15 5 -0.793291
30 15 5 -0.12851
35 15 5 0.833183
40 15 5 2.0715
45 15 5 3.42004
5 10 35 -3.56702
10 10 35 -3.75829
15 10 35 -3.55762
20 10 35 -3.27762
25 10 35 -2.98286
30 10 35 -2.645
35 10 35 -2.27988
40 10 35 -1.99557
45 10 35 -1.77345
5 10 30 -3.57844
10 10 30 -3.69804
15 10 30 -3.65312
20 10 30 -3.38986
25 10 30 -3.0852
30 10 30 -2.72947
35 10 30 -2.33662
40 10 30 -2.01063
45 10 30 -1.73648
5 10 25 -3.5885
10 10 25 -3.70939
15 10 25 -3.67228
20 10 25 -3.44055
25 10 25 -3.13874
30 10 25 -2.77175
35 10 25 -2.3634
40 10 25 -2.02857
45 10 25 -1.7441
5 10 20 -3.59122
10 10 20 -3.7129
15 10 20 -3.68079
20 10 20 -3.45294
25 10 20 -3.15477
30 10 20 -2.7845
35 10 20 -2.37176
40 10 20 -2.03407
45 10 20 -1.74591
5 10 15 -3.5885
10 10 15 -3.70939
15 10 15 -3.67228
20 10 15 -3.44055
25 10 15 -3.13874
30 10 15 -2.77175
35 10 15 -2.3634
40 10 15 -2.02857
45 10 15 -1.7441
5 10 10 -3.57844
10 10 10 -3.69804
15 10 10 -3.65312
20 10 10 -3.38986
25 10 10 -3.0852
30 10 10 -2.72947
35 10 10 -2.33662
40 10 10 -2.01063
45 10 10 -1.73648
5 10 5 -3.56702
10 10 5 -3.75829
15 10 5 -3.55762
20 10 5 -3.27762
25 10 5 -2.98286
30 10 5 -2.645
35 10 5 -2.27988
40 10 5 -1.99557
45 10 5 -1.77345
5 5 35 -5.43717
10 5 35 -5.89948
15 5 35 -5.50153
20 5 35 -5.31396
25 5 35 -5.30029
30 5 35 -5.45681
35 5 35 -5.80543
40 5 35 -6.30897
45 5 35 -6.75195
5 5 30 -5.45407
10 5 30 -5.83477
15 5 30 -5.61838
20 5 30 -5.44684
25 5 30 -5.41634
30 5 30 -5.55636
35 5 30 -5.88428
40 5 30 -6.35546
45 5 30 -6.75274
5 5 25 -5.48819
10 5 25 -5.86213
15 5 25 -5.6414
20 5 25 -5.51089
25 5 25 -5.49222
30 5 25 -5.62885
35 5 25 -5.94534
40 5 25 -6.39956
45 5 25 -6.77108
5 5 20 -5.4971
10 5 20 -5.87262
15 5 20 -5.65269
20 5 20 -5.52756
25 5 20 -5.51664
30 5 20 -5.65351
35 5 20 -5.96699
40 5 20 -6.41641
45 5 20 -6.78108
5 5 15 -5.48819
10 5 15 -5.86213
15 5 15 -5.6414
20 5 15 -5.51089
25 5 15 -5.49222
30 5 15 -5.62885
35 5 15 -5.94534
40 5 15 -6.39956
45 5 15 -6.77108
5 5 10 -5.45407
10 5 10 -5.83477
15 5 10 -5.61838
20 5 10 -5.44684
25 5 10 -5.41634
30 5 10 -5.55636
35 5 10 -5.88428
40 5 10 -6.35546
45 5 10 -6.75274
5 5 5 -5.43717
10 5 5 -5.89948
15 5 5 -5.50153
20 5 5 -5.31396
25 5 5 -5.30029
30 5 5 -5.45681
35 5 5 -5.80543
40 5 5 -6.30897
45 5 5 -6.75195
