50 20 40 0.00244003
100 20 40 0.016314
100 20 0 0.016314
50 20 0 0.00244003
100 0 40 0.0173022
100 0 0 0.0173022
50 0 0 0.00327845
50 0 40 0.00327845
0 40 40 3.13286e-24
50 40 40 0.00243219
50 40 0 0.00243219
0 40 0 3.13286e-24
0 0 0 3.08782e-24
0 0 40 3.08782e-24
55 20 40 0.00338442
60 20 40 0.00443719
65 20 40 0.00562503
70 20 40 0.00693335
75 20 40 0.00835115
80 20 40 0.00986228
85 20 40 0.0114473
90 20 40 0.0130781
95 20 40 0.014713
100 20 35 0.0163262
100 20 30 0.0163394
100 20 25 0.0163477
100 20 20 0.0163503
100 20 15 0.0163477
100 20 10 0.0163394
100 20 5 0.0163262
95 20 0 0.014713
90 20 0 0.0130781
85 20 0 0.0114473
80 20 0 0.00986228
75 20 0 0.00835115
70 20 0 0.00693335
65 20 0 0.00562503
60 20 0 0.00443719
55 20 0 0.00338442
50 20 5 0.00247946
50 20 10 0.00252278
50 20 15 0.00254916
50 20 20 0.00255804
50 20 25 0.00254916
50 20 30 0.00252278
50 20 35 0.00247946
95 0 40 0.0150637
90 0 40 0.0134019
85 0 40 0.0117958
80 0 40 0.0102604
75 0 40 0.00879931
70 0 40 0.0074314
65 0 40 0.00617602
60 0 40 0.00505349
55 0 40 0.00408327
100 0 5 0.0170008
100 0 10 0.0170015
100 0 15 0.0169983
100 0 20 0.017
100 0 25 0.0169983
100 0 30 0.0170015
100 0 35 0.0170008
55 0 0 0.00408327
60 0 0 0.00505349
65 0 0 0.00617602
70 0 0 0.0074314
75 0 0 0.00879931
80 0 0 0.0102604
85 0 0 0.0117958
90 0 0 0.0134019
95 0 0 0.0150637
50 0 35 0.00337177
50 0 30 0.00343517
50 0 25 0.00347019
50 0 20 0.00348131
50 0 15 0.00347019
50 0 10 0.00343517
50 0 5 0.00337177
50 5 0 0.00280996
50 10 0 0.00249066
50 15 0 0.00237941
50 15 40 0.00237941
50 10 40 0.00249066
50 5 40 0.00280996
100 5 0 0.0165072
100 10 0 0.0161972
100 15 0 0.0161565
100 15 40 0.0161565
100 10 40 0.0161972
100 5 40 0.0165072
5 40 40 0.000269368
10 40 40 0.00046058
15 40 40 0.00066527
20 40 40 0.000893881
25 40 40 0.00114906
30 40 40 0.00142555
35 40 40 0.00171012
40 40 40 0.00198237
45 40 40 0.00222217
50 40 35 0.00242324
50 40 30 0.00242422
50 40 25 0.00243043
50 40 20 0.00243365
50 40 15 0.00243043
50 40 10 0.00242422
50 40 5 0.00242324
45 40 0 0.00222217
40 40 0 0.00198237
35 40 0 0.00171012
30 40 0 0.00142555
25 40 0 0.00114906
20 40 0 0.000893881
15 40 0 0.00066527
10 40 0 0.00046058
5 40 0 0.000269368
0 40 5 2.4834e-24
0 40 10 2.53474e-24
0 40 15 2.59579e-24
0 40 20 2.61475e-24
0 40 25 2.59579e-24
0 40 30 2.53474e-24
0 40 35 2.4834e-24
45 0 40 0.0026357
40 0 40 0.0021318
35 0 40 0.00173129
30 0 40 0.00140115
25 0 40 0.00111844
20 0 40 0.000870571
15 0 40 0.000650928
10 0 40 0.000452732
5 0 40 0.000265147
5 0 0 0.000265147
10 0 0 0.000452732
15 0 0 0.000650928
20 0 0 0.000870571
25 0 0 0.00111844
30 0 0 0.00140115
35 0 0 0.00173129
40 0 0 0.0021318
45 0 0 0.0026357
0 0 35 2.41325e-24
0 0 30 2.45072e-24
0 0 25 2.50919e-24
0 0 20 2.52816e-24
0 0 15 2.50919e-24
0 0 10 2.45072e-24
0 0 5 2.41325e-24
0 35 0 2.04048e-24
0 30 0 1.29581e-24
0 25 0 6.36693e-25
0 20 0 1.27533e-25
0 15 0 6.89629e-25
0 10 0 1.34708e-24
0 5 0 2.06415e-24
0 5 40 2.06415e-24
0 10 40 1.34708e-24
0 15 40 6.89629e-25
0 20 40 1.27533e-25
0 25 40 6.36693e-25
0 30 40 1.29581e-24
0 35 40 2.04048e-24
50 25 0 0.00230617
50 30 0 0.00229191
50 35 0 0.00234217
50 35 40 0.00234217
50 30 40 0.00229191
50 25 40 0.00230617
55 20 35 0.00351272
60 20 35 0.00456444
65 20 35 0.00574578
70 20 35 0.00704281
75 20 35 0.00844578
80 20 35 0.00993884
85 20 35 0.0115031
90 20 35 0.0131124
95 20 35 0.0147304
55 20 30 0.00358084
60 20 30 0.00464243
65 20 30 0.00582265
70 20 30 0.00711331
75 20 30 0.00850673
80 20 30 0.00998802
85 20 30 0.0115392
90 20 30 0.0131362
95 20 30 0.0147457
55 20 25 0.00361899
60 20 25 0.00468451
65 20 25 0.00586518
70 20 25 0.00715294
75 20 25 0.0085413
80 20 25 0.0100161
85 20 25 0.0115603
90 20 25 0.0131507
95 20 25 0.0147559
55 20 20 0.00363121
60 20 20 0.00469793
65 20 20 0.00587876
70 20 20 0.00716571
75 20 20 0.00855251
80 20 20 0.0100253
85 20 20 0.0115672
90 20 20 0.0131557
95 20 20 0.0147594
55 20 15 0.00361899
60 20 15 0.00468451
65 20 15 0.00586518
70 20 15 0.00715294
75 20 15 0.0085413
80 20 15 0.0100161
85 20 15 0.0115603
90 20 15 0.0131507
95 20 15 0.0147559
55 20 10 0.00358084
60 20 10 0.00464243
65 20 10 0.00582265
70 20 10 0.00711331
75 20 10 0.00850673
80 20 10 0.00998802
85 20 10 0.0115392
90 20 10 0.0131362
95 20 10 0.0147457
55 20 5 0.00351272
60 20 5 0.00456444
65 20 5 0.00574578
70 20 5 0.00704281
75 20 5 0.00844578
80 20 5 0.00993884
85 20 5 0.0115031
90 20 5 0.0131124
95 20 5 0.0147304
55 0 35 0.00419008
60 0 35 0.00516684
65 0 35 0.00628849
70 0 35 0.00753686
75 0 35 0.00889369
80 0 35 0.0103417
85 0 35 0.0118649
90 0 35 0.013455
95 0 35 0.0151212
55 0 30 0.00425953
60 0 30 0.00523903
65 0 30 0.00635973
70 0 30 0.00760379
75 0 30 0.0089538
80 0 30 0.0103933
85 0 30 0.0119065
90 0 30 0.0134842
95 0 30 0.0151137
55 0 25 0.00429799
60 0 25 0.00527934
65 0 25 0.0063998
70 0 25 0.00764166
75 0 25 0.00898789
80 0 25 0.0104224
85 0 25 0.0119292
90 0 25 0.0134979
95 0 25 0.0151212
55 0 20 0.00431027
60 0 20 0.00529228
65 0 20 0.00641274
70 0 20 0.00765394
75 0 20 0.00899896
80 0 20 0.0104318
85 0 20 0.0119364
90 0 20 0.0135029
95 0 20 0.0151237
55 0 15 0.00429799
60 0 15 0.00527934
65 0 15 0.0063998
70 0 15 0.00764166
75 0 15 0.00898789
80 0 15 0.0104224
85 0 15 0.0119292
90 0 15 0.0134979
95 0 15 0.0151212
55 0 10 0.00425953
60 0 10 0.00523903
65 0 10 0.00635973
70 0 10 0.00760379
75 0 10 0.0089538
80 0 10 0.0103933
85 0 10 0.0119065
90 0 10 0.0134842
95 0 10 0.0151137
55 0 5 0.00419008
60 0 5 0.00516684
65 0 5 0.00628849
70 0 5 0.00753686
75 0 5 0.00889369
80 0 5 0.0103417
85 0 5 0.0118649
90 0 5 0.013455
95 0 5 0.0151212
50 15 35 0.00247983
50 15 30 0.00253266
50 15 25 0.00256288
50 15 20 0.00257262
50 15 15 0.00256288
50 15 10 0.00253266
50 15 5 0.00247983
50 10 35 0.00261047
50 10 30 0.00267606
50 10 25 0.00271001
50 10 20 0.00272065
50 10 15 0.00271001
50 10 10 0.00267606
50 10 5 0.00261047
50 5 35 0.00291894
50 5 30 0.00298491
50 5 25 0.00301965
50 5 20 0.00303044
50 5 15 0.00301965
50 5 10 0.00298491
50 5 5 0.00291894
100 15 35 0.0161682
100 15 30 0.0161839
100 15 25 0.0161934
100 15 20 0.0161964
100 15 15 0.0161934
100 15 10 0.0161839
100 15 5 0.0161682
100 10 35 0.0162057
100 10 30 0.0162157
100 10 25 0.0162228
100 10 20 0.0162263
100 10 15 0.0162228
100 10 10 0.0162157
100 10 5 0.0162057
100 5 35 0.0164749
100 5 30 0.0164636
100 5 25 0.0164707
100 5 20 0.0164729
100 5 15 0.0164707
100 5 10 0.0164636
100 5 5 0.0164749
55 15 40 0.00316093
60 15 40 0.0041797
65 15 40 0.00534829
70 15 40 0.00665328
75 15 40 0.00807644
80 15 40 0.00959936
85 15 40 0.0112026
90 15 40 0.0128609
95 15 40 0.0145327
55 10 40 0.00324706
60 10 40 0.00421483
65 10 40 0.00536004
70 10 40 0.00665106
75 10 40 0.00806552
80 10 40 0.00958152
85 10 40 0.0111779
90 10 40 0.0128392
95 10 40 0.0145434
55 5 40 0.00356835
60 5 40 0.00451712
65 5 40 0.00564007
70 5 40 0.00691129
75 5 40 0.00830533
80 5 40 0.00979879
85 5 40 0.011371
90 5 40 0.013003
95 5 40 0.0147249
55 15 0 0.00316093
60 15 0 0.0041797
65 15 0 0.00534829
70 15 0 0.00665328
75 15 0 0.00807644
80 15 0 0.00959936
85 15 0 0.0112026
90 15 0 0.0128609
95 15 0 0.0145327
55 10 0 0.00324706
60 10 0 0.00421483
65 10 0 0.00536004
70 10 0 0.00665106
75 10 0 0.00806552
80 10 0 0.00958152
85 10 0 0.0111779
90 10 0 0.0128392
95 10 0 0.0145434
55 5 0 0.00356835
60 5 0 0.00451712
65 5 0 0.00564007
70 5 0 0.00691129
75 5 0 0.00830533
80 5 0 0.00979879
85 5 0 0.011371
90 5 0 0.013003
95 5 0 0.0147249
5 40 35 0.000235221
10 40 35 0.000450712
15 40 35 0.000672129
20 40 35 0.000911186
25 40 35 0.0011697
30 40 35 0.00144306
35 40 35 0.00171938
40 40 35 0.00198147
45 40 35 0.0022143
5 40 30 0.000238111
10 40 30 0.000449135
15 40 30 0.000675619
20 40 30 0.00091838
25 40 30 0.00117803
30 40 30 0.00144987
35 40 30 0.00172304
40 40 30 0.00198207
45 40 30 0.00221364
5 40 25 0.00024065
10 40 25 0.000451768
15 40 25 0.000678055
20 40 25 0.000921844
25 40 25 0.00118198
30 40 25 0.00145355
35 40 25 0.00172612
40 40 25 0.00198492
45 40 25 0.00221738
5 40 20 0.000241734
10 40 20 0.000452792
15 40 20 0.000679093
20 40 20 0.000922925
25 40 20 0.00118321
30 40 20 0.00145482
35 40 20 0.00172741
40 40 20 0.00198644
45 40 20 0.0022195
5 40 15 0.00024065
10 40 15 0.000451768
15 40 15 0.000678055
20 40 15 0.000921844
25 40 15 0.00118198
30 40 15 0.00145355
35 40 15 0.00172612
40 40 15 0.00198492
45 40 15 0.00221738
5 40 10 0.000238111
10 40 10 0.000449135
15 40 10 0.000675619
20 40 10 0.00091838
25 40 10 0.00117803
30 40 10 0.00144987
35 40 10 0.00172304
40 40 10 0.00198207
45 40 10 0.00221364
5 40 5 0.000235221
10 40 5 0.000450712
15 40 5 0.000672129
20 40 5 0.000911186
25 40 5 0.0011697
30 40 5 0.00144306
35 40 5 0.00171938
40 40 5 0.00198147
45 40 5 0.0022143
5 0 35 0.000227144
10 0 35 0.000435686
15 0 35 0.000649077
20 0 35 0.000880513
25 0 35 0.00113775
30 0 35 0.00143011
35 0 35 0.00177246
40 0 35 0.00218879
45 0 35 0.00271112
5 0 30 0.000229034
10 0 30 0.000432523
15 0 30 0.000652131
20 0 30 0.000890932
25 0 30 0.00115605
30 0 30 0.00145677
35 0 30 0.00180826
40 0 30 0.00223431
45 0 30 0.00276619
5 0 25 0.000231485
10 0 25 0.000435376
15 0 25 0.000655958
20 0 25 0.000898279
25 0 25 0.00116777
30 0 25 0.00147322
35 0 25 0.00182954
40 0 25 0.00226039
45 0 25 0.00279692
5 0 20 0.000232613
10 0 20 0.000436644
15 0 20 0.0006577
20 0 20 0.0009009
25 0 20 0.00117175
30 0 20 0.00147869
35 0 20 0.00183649
40 0 20 0.00226877
45 0 20 0.00280669
5 0 15 0.000231485
10 0 15 0.000435376
15 0 15 0.000655958
20 0 15 0.000898279
25 0 15 0.00116777
30 0 15 0.00147322
35 0 15 0.00182954
40 0 15 0.00226039
45 0 15 0.00279692
5 0 10 0.000229034
10 0 10 0.000432523
15 0 10 0.000652131
20 0 10 0.000890932
25 0 10 0.00115605
30 0 10 0.00145677
35 0 10 0.00180826
40 0 10 0.00223431
45 0 10 0.00276619
5 0 5 0.000227144
10 0 5 0.000435686
15 0 5 0.000649077
20 0 5 0.000880513
25 0 5 0.00113775
30 0 5 0.00143011
35 0 5 0.00177246
40 0 5 0.00218879
45 0 5 0.00271112
0 35 35 1.42228e-24
0 35 30 1.39269e-24
0 35 25 1.40561e-24
0 35 20 1.41005e-24
0 35 15 1.40561e-24
0 35 10 1.39269e-24
0 35 5 1.42228e-24
0 30 35 8.81109e-25
0 30 30 8.54183e-25
0 30 25 8.57968e-25
0 30 20 8.59428e-25
0 30 15 8.57968e-25
0 30 10 8.54183e-25
0 30 5 8.81109e-25
0 25 35 4.27744e-25
0 25 30 4.13825e-25
0 25 25 4.1654e-25
0 25 20 4.17572e-25
0 25 15 4.1654e-25
0 25 10 4.13825e-25
0 25 5 4.27744e-25
0 20 35 5.04512e-26
0 20 30 7.9701e-27
0 20 25 2.31234e-26
0 20 20 2.85816e-26
0 20 15 2.31234e-26
0 20 10 7.9701e-27
0 20 5 5.04512e-26
0 15 35 4.53724e-25
0 15 30 4.28318e-25
0 15 25 4.26274e-25
0 15 20 4.25934e-25
0 15 15 4.26274e-25
0 15 10 4.28318e-25
0 15 5 4.53724e-25
0 10 35 9.02762e-25
0 10 30 8.63021e-25
0 10 25 8.61756e-25
0 10 20 8.61847e-25
0 10 15 8.61756e-25
0 10 10 8.63021e-25
0 10 5 9.02762e-25
0 5 35 1.41914e-24
0 5 30 1.37642e-24
0 5 25 1.38475e-24
0 5 20 1.38815e-24
0 5 15 1.38475e-24
0 5 10 1.37642e-24
0 5 5 1.41914e-24
50 35 35 0.00233016
50 35 30 0.0023346
50 35 25 0.00234392
50 35 20 0.00234821
50 35 15 0.00234392
50 35 10 0.0023346
50 35 5 0.00233016
50 30 35 0.00227151
50 30 30 0.00228435
50 30 25 0.00229915
50 30 20 0.0023048
50 30 15 0.00229915
50 30 10 0.00228435
50 30 5 0.00227151
50 25 35 0.00228331
50 25 30 0.00231333
50 25 25 0.00233364
50 25 20 0.00234091
50 25 15 0.00233364
50 25 10 0.00231333
50 25 5 0.00228331
5 35 40 0.000174383
10 35 40 0.000330652
15 35 40 0.000505287
20 35 40 0.000715911
25 35 40 0.000965201
30 35 40 0.00124903
35 35 40 0.00155479
40 35 40 0.00185764
45 35 40 0.00212607
5 30 40 0.000110915
10 30 40 0.000221182
15 30 40 0.000376124
20 30 40 0.000578461
25 30 40 0.000827804
30 30 40 0.00111928
35 30 40 0.00144257
40 30 40 0.00177822
45 30 40 0.00208075
5 25 40 5.39915e-05
10 25 40 0.000134124
15 25 40 0.000276448
20 25 40 0.000472922
25 25 40 0.000717775
30 25 40 0.00100727
35 25 40 0.00133718
40 25 40 0.00169922
45 25 40 0.0020755
5 20 40 6.21543e-06
10 20 40 8.6466e-05
15 20 40 0.000224503
20 20 40 0.000411557
25 20 40 0.000642616
30 20 40 0.000915506
35 20 40 0.00123032
40 20 40 0.00158969
45 20 40 0.0019947
5 15 40 5.71065e-05
10 15 40 0.000128247
15 15 40 0.000253845
20 15 40 0.000425827
25 15 40 0.000637002
30 15 40 0.000884362
35 15 40 0.00116887
40 15 40 0.00149612
45 15 40 0.00187894
5 10 40 0.000114595
10 10 40 0.000218697
15 10 40 0.000355636
20 10 40 0.000526881
25 10 40 0.000731215
30 10 40 0.000966744
35 10 40 0.00123597
40 10 40 0.00155127
45 10 40 0.00194659
5 5 40 0.000176877
10 5 40 0.00033036
15 5 40 0.000495111
20 5 40 0.000686584
25 5 40 0.000907709
30 5 40 0.00116029
35 5 40 0.00145047
40 5 40 0.001796
45 5 40 0.00223288
5 35 0 0.000174383
10 35 0 0.000330652
15 35 0 0.000505287
20 35 0 0.000715911
25 35 0 0.000965201
30 35 0 0.00124903
35 35 0 0.00155479
40 35 0 0.00185764
45 35 0 0.00212607
5 30 0 0.000110915
10 30 0 0.000221182
15 30 0 0.000376124
20 30 0 0.000578461
25 30 0 0.000827804
30 30 0 0.00111928
35 30 0 0.00144257
40 30 0 0.00177822
45 30 0 0.00208075
5 25 0 5.39915e-05
10 25 0 0.000134124
15 25 0 0.000276448
20 25 0 0.000472922
25 25 0 0.000717775
30 25 0 0.00100727
35 25 0 0.00133718
40 25 0 0.00169922
45 25 0 0.0020755
5 20 0 6.21543e-06
10 20 0 8.6466e-05
15 20 0 0.000224503
20 20 0 0.000411557
25 20 0 0.000642616
30 20 0 0.000915506
35 20 0 0.00123032
40 20 0 0.00158969
45 20 0 0.0019947
5 15 0 5.71065e-05
10 15 0 0.000128247
15 15 0 0.000253845
20 15 0 0.000425827
25 15 0 0.000637002
30 15 0 0.000884362
35 15 0 0.00116887
40 15 0 0.00149612
45 15 0 0.00187894
5 10 0 0.000114595
10 10 0 0.000218697
15 10 0 0.000355636
20 10 0 0.000526881
25 10 0 0.000731215
30 10 0 0.000966744
35 10 0 0.00123597
40 10 0 0.00155127
45 10 0 0.00194659
5 5 0 0.000176877
10 5 0 0.00033036
15 5 0 0.000495111
20 5 0 0.000686584
25 5 0 0.000907709
30 5 0 0.00116029
35 5 0 0.00145047
40 5 0 0.001796
45 5 0 0.00223288
55 15 35 0.003289
60 15 35 0.00431243
65 15 35 0.00547228
70 15 35 0.00676451
75 15 35 0.00817178
80 15 35 0.00967652
85 15 35 0.0112596
90 15 35 0.012897
95 15 35 0.0145505
55 15 30 0.00336147
60 15 30 0.004395
65 15 30 0.00555355
70 15 30 0.00683914
75 15 30 0.00823664
80 15 30 0.00972956
85 15 30 0.0112995
90 15 30 0.0129236
95 15 30 0.0145671
55 15 25 0.0033999
60 15 25 0.0044394
65 15 25 0.00559887
70 15 25 0.00688169
75 15 25 0.00827411
80 15 25 0.00976054
85 15 25 0.0113232
90 15 25 0.0129403
95 15 25 0.0145786
55 15 20 0.00341215
60 15 20 0.00445342
65 15 20 0.00561336
70 15 20 0.00689547
75 15 20 0.00828636
80 15 20 0.00977073
85 15 20 0.0113311
90 15 20 0.0129461
95 15 20 0.0145827
55 15 15 0.0033999
60 15 15 0.0044394
65 15 15 0.00559887
70 15 15 0.00688169
75 15 15 0.00827411
80 15 15 0.00976054
85 15 15 0.0113232
90 15 15 0.0129403
95 15 15 0.0145786
55 15 10 0.00336147
60 15 10 0.004395
65 15 10 0.00555355
70 15 10 0.00683914
75 15 10 0.00823664
80 15 10 0.00972956
85 15 10 0.0112995
90 15 10 0.0129236
95 15 10 0.0145671
55 15 5 0.003289
60 15 5 0.00431243
65 15 5 0.00547228
70 15 5 0.00676451
75 15 5 0.00817178
80 15 5 0.00967652
85 15 5 0.0112596
90 15 5 0.012897
95 15 5 0.0145505
55 10 35 0.00337627
60 10 35 0.00434512
65 10 35 0.005483
70 10 35 0.00676146
75 10 35 0.00816055
80 10 35 0.00965935
85 10 35 0.0112376
90 10 35 0.0128781
95 10 35 0.014558
55 10 30 0.0034533
60 10 30 0.00442736
65 10 30 0.00556398
70 10 30 0.0068362
75 10 30 0.008226
80 10 30 0.00971365
85 10 30 0.0112795
90 10 30 0.0129065
95 10 30 0.0145722
55 10 25 0.00349373
60 10 25 0.00447223
65 10 25 0.00560949
70 10 25 0.0068791
75 10 25 0.0082641
80 10 25 0.00974556
85 10 25 0.0113044
90 10 25 0.012924
95 10 25 0.0145836
55 10 20 0.00350637
60 10 20 0.00448641
65 10 20 0.00562411
70 10 20 0.00689305
75 10 20 0.00827659
80 10 20 0.00975608
85 10 20 0.0113127
90 10 20 0.0129301
95 10 20 0.0145879
55 10 15 0.00349373
60 10 15 0.00447223
65 10 15 0.00560949
70 10 15 0.0068791
75 10 15 0.0082641
80 10 15 0.00974556
85 10 15 0.0113044
90 10 15 0.012924
95 10 15 0.0145836
55 10 10 0.0034533
60 10 10 0.00442736
65 10 10 0.00556398
70 10 10 0.0068362
75 10 10 0.008226
80 10 10 0.00971365
85 10 10 0.0112795
90 10 10 0.0129065
95 10 10 0.0145722
55 10 5 0.00337627
60 10 5 0.00434512
65 10 5 0.005483
70 10 5 0.00676146
75 10 5 0.00816055
80 10 5 0.00965935
85 10 5 0.0112376
90 10 5 0.0128781
95 10 5 0.014558
55 5 35 0.00368904
60 5 35 0.00464113
65 5 35 0.00575991
70 5 35 0.00702114
75 5 35 0.00840154
80 5 35 0.00987976
85 5 35 0.0114358
90 5 35 0.0130533
95 5 35 0.0147412
55 5 30 0.00376328
60 5 30 0.00471974
65 5 30 0.00583782
70 5 30 0.00709401
75 5 30 0.00846631
80 5 30 0.00993451
85 5 30 0.0114794
90 5 30 0.0130836
95 5 30 0.0147517
55 5 25 0.00380301
60 5 25 0.00476274
65 5 25 0.00588136
70 5 25 0.00713541
75 5 25 0.0085035
80 5 25 0.00996608
85 5 25 0.0115043
90 5 25 0.0131006
95 5 25 0.0147618
55 5 20 0.00381545
60 5 20 0.00477639
65 5 20 0.00589535
70 5 20 0.00714883
75 5 20 0.00851563
80 5 20 0.0099764
85 5 20 0.0115124
90 5 20 0.0131065
95 5 20 0.014766
55 5 15 0.00380301
60 5 15 0.00476274
65 5 15 0.00588136
70 5 15 0.00713541
75 5 15 0.0085035
80 5 15 0.00996608
85 5 15 0.0115043
90 5 15 0.0131006
95 5 15 0.0147618
55 5 10 0.00376328
60 5 10 0.00471974
65 5 10 0.00583782
70 5 10 0.00709401
75 5 10 0.00846631
80 5 10 0.00993451
85 5 10 0.0114794
90 5 10 0.0130836
95 5 10 0.0147517
55 5 5 0.00368904
60 5 5 0.00464113
65 5 5 0.00575991
70 5 5 0.00702114
75 5 5 0.00840154
80 5 5 0.00987976
85 5 5 0.0114358
90 5 5 0.0130533
95 5 5 0.0147412
5 35 35 0.00014201
10 35 35 0.000323619
15 35 35 0.000516838
20 35 35 0.000736854
25 35 35 0.000987921
30 35 35 0.00126725
35 35 35 0.00156394
40 35 35 0.00185565
45 35 35 0.002115
5 35 30 0.000138904
10 35 30 0.00032221
15 35 30 0.00052284
20 35 30 0.000748065
25 35 30 0.00100075
30 35 30 0.00127866
35 35 30 0.00157203
40 35 30 0.0018599
45 35 30 0.00211715
5 35 25 0.000138623
10 35 25 0.000323741
15 35 25 0.000526377
20 35 25 0.000753775
25 35 25 0.00100756
30 35 25 0.00128548
35 35 25 0.00157834
40 35 25 0.00186597
45 35 25 0.00212412
5 35 20 0.000138738
10 35 20 0.000324395
15 35 20 0.000527633
20 35 20 0.000755582
25 35 20 0.00100976
30 35 20 0.00128783
35 35 20 0.00158078
40 35 20 0.00186868
45 35 20 0.00212748
5 35 15 0.000138623
10 35 15 0.000323741
15 35 15 0.000526377
20 35 15 0.000753775
25 35 15 0.00100756
30 35 15 0.00128548
35 35 15 0.00157834
40 35 15 0.00186597
45 35 15 0.00212412
5 35 10 0.000138904
10 35 10 0.00032221
15 35 10 0.00052284
20 35 10 0.000748065
25 35 10 0.00100075
30 35 10 0.00127866
35 35 10 0.00157203
40 35 10 0.0018599
45 35 10 0.00211715
5 35 5 0.00014201
10 35 5 0.000323619
15 35 5 0.000516838
20 35 5 0.000736854
25 35 5 0.000987921
30 35 5 0.00126725
35 35 5 0.00156394
40 35 5 0.00185565
45 35 5 0.002115
5 30 35 9.07826e-05
10 30 35 0.000224443
15 30 35 0.000394592
20 30 35 0.000603121
25 30 35 0.000851746
30 30 35 0.00113742
35 30 35 0.00145094
40 30 35 0.00177437
45 30 35 0.00206254
5 30 30 8.98387e-05
10 30 30 0.000227643
15 30 30 0.000405268
20 30 30 0.000618204
25 30 30 0.000867851
30 30 30 0.00115195
35 30 30 0.00146243
40 30 30 0.00178286
45 30 30 0.00206993
5 30 25 9.01988e-05
10 30 25 0.000230663
15 30 25 0.000411221
20 30 25 0.00062651
25 30 25 0.000877245
30 30 25 0.00116143
35 30 25 0.00147168
40 30 25 0.0017926
45 30 25 0.00208177
5 30 20 9.04686e-05
10 30 20 0.000231701
15 30 20 0.000413183
20 30 20 0.000629187
25 30 20 0.000880358
30 30 20 0.00116474
35 30 20 0.00147518
40 30 20 0.00179659
45 30 20 0.00208667
5 30 15 9.01988e-05
10 30 15 0.000230663
15 30 15 0.000411221
20 30 15 0.00062651
25 30 15 0.000877245
30 30 15 0.00116143
35 30 15 0.00147168
40 30 15 0.0017926
45 30 15 0.00208177
5 30 10 8.98387e-05
10 30 10 0.000227643
15 30 10 0.000405268
20 30 10 0.000618204
25 30 10 0.000867851
30 30 10 0.00115195
35 30 10 0.00146243
40 30 10 0.00178286
45 30 10 0.00206993
5 30 5 9.07826e-05
10 30 5 0.000224443
15 30 5 0.000394592
20 30 5 0.000603121
25 30 5 0.000851746
30 30 5 0.00113742
35 30 5 0.00145094
40 30 5 0.00177437
45 30 5 0.00206254
5 25 35 5.05792e-05
10 25 35 0.00015248
15 25 35 0.000304932
20 25 35 0.000504037
25 25 35 0.000746975
30 25 35 0.00103111
35 25 35 0.00135246
40 25 35 0.00170196
45 25 35 0.00206294
5 25 30 5.44238e-05
10 25 30 0.000163589
15 25 30 0.000321872
20 25 30 0.000524
25 25 30 0.000767482
30 25 30 0.00105047
35 25 30 0.00136988
40 25 30 0.00171805
45 25 30 0.00208263
5 25 25 5.67778e-05
10 25 25 0.000169604
15 25 25 0.00033104
20 25 25 0.00053523
25 25 25 0.000779695
30 25 25 0.00106297
35 25 25 0.00138268
40 25 25 0.0017322
45 25 25 0.00210058
5 25 20 5.75601e-05
10 25 20 0.000171498
15 25 20 0.000333948
20 25 20 0.000538868
25 25 20 0.000783756
30 25 20 0.00106729
35 25 20 0.00138731
40 25 20 0.00173754
45 25 20 0.00210711
5 25 15 5.67778e-05
10 25 15 0.000169604
15 25 15 0.00033104
20 25 15 0.00053523
25 25 15 0.000779695
30 25 15 0.00106297
35 25 15 0.00138268
40 25 15 0.0017322
45 25 15 0.00210058
5 25 10 5.44238e-05
10 25 10 0.000163589
15 25 10 0.000321872
20 25 10 0.000524
25 25 10 0.000767482
30 25 10 0.00105047
35 25 10 0.00136988
40 25 10 0.00171805
45 25 10 0.00208263
5 25 5 5.05792e-05
10 25 5 0.00015248
15 25 5 0.000304932
20 25 5 0.000504037
25 25 5 0.000746975
30 25 5 0.00103111
35 25 5 0.00135246
40 25 5 0.00170196
45 25 5 0.00206294
5 20 35 2.77717e-05
10 20 35 0.000117468
15 20 35 0.000260509
20 20 35 0.000449342
25 20 35 0.000680165
30 20 35 0.000951356
35 20 35 0.00126282
40 20 35 0.00161704
45 20 35 0.00201118
5 20 30 3.67373e-05
10 20 30 0.000134125
15 20 30 0.000281914
20 20 30 0.00047364
25 20 30 0.000705868
30 20 30 0.000977508
35 20 30 0.00128908
40 20 30 0.00164389
45 20 30 0.00204277
5 20 25 4.09565e-05
10 20 25 0.000142283
15 20 25 0.000293324
20 20 25 0.000487236
25 20 25 0.000720833
30 20 25 0.000993351
35 20 25 0.00130579
40 20 25 0.00166233
45 20 25 0.00206428
5 20 20 4.22212e-05
10 20 20 0.000144783
15 20 20 0.000296899
20 20 20 0.000491618
25 20 20 0.000725747
30 20 20 0.000998651
35 20 20 0.00131151
40 20 20 0.00166874
45 20 20 0.00207166
5 20 15 4.09565e-05
10 20 15 0.000142283
15 20 15 0.000293324
20 20 15 0.000487236
25 20 15 0.000720833
30 20 15 0.000993351
35 20 15 0.00130579
40 20 15 0.00166233
45 20 15 0.00206428
5 20 10 3.67373e-05
10 20 10 0.000134125
15 20 10 0.000281914
20 20 10 0.00047364
25 20 10 0.000705868
30 20 10 0.000977508
35 20 10 0.00128908
40 20 10 0.00164389
45 20 10 0.00204277
5 20 5 2.77717e-05
10 20 5 0.000117468
15 20 5 0.000260509
20 20 5 0.000449342
25 20 5 0.000680165
30 20 5 0.000951356
35 20 5 0.00126282
40 20 5 0.00161704
45 20 5 0.00201118
5 15 35 4.91449e-05
10 15 35 0.000143961
15 15 35 0.00028354
20 15 35 0.000463229
25 15 35 0.000679767
30 15 35 0.000932253
35 15 35 0.00122288
40 15 35 0.00155788
45 15 35 0.00195399
5 15 30 5.1985e-05
10 15 30 0.000154678
15 15 30 0.00030193
20 15 30 0.000487354
25 15 30 0.000708134
30 15 30 0.000964158
35 15 30 0.0012582
40 15 30 0.0015968
45 15 30 0.00199795
5 15 25 5.4132e-05
10 15 25 0.000160882
15 15 25 0.000312123
20 15 25 0.000500889
25 15 25 0.00072428
30 15 25 0.000982388
35 15 25 0.00127829
40 15 25 0.00161899
45 15 25 0.00202305
5 15 20 5.48901e-05
10 15 20 0.000162883
15 15 20 0.000315391
20 15 20 0.000505257
25 15 20 0.000729515
30 15 20 0.000988311
35 15 20 0.00128483
40 15 20 0.00162621
45 15 20 0.00203121
5 15 15 5.4132e-05
10 15 15 0.000160882
15 15 15 0.000312123
20 15 15 0.000500889
25 15 15 0.00072428
30 15 15 0.000982388
35 15 15 0.00127829
40 15 15 0.00161899
45 15 15 0.00202305
5 15 10 5.1985e-05
10 15 10 0.000154678
15 15 10 0.00030193
20 15 10 0.000487354
25 15 10 0.000708134
30 15 10 0.000964158
35 15 10 0.0012582
40 15 10 0.0015968
45 15 10 0.00199795
5 15 5 4.91449e-05
10 15 5 0.000143961
15 15 5 0.00028354
20 15 5 0.000463229
25 15 5 0.000679767
30 15 5 0.000932253
35 15 5 0.00122288
40 15 5 0.00155788
45 15 5 0.00195399
5 10 35 8.96694e-05
10 10 35 0.00021632
15 10 35 0.000371182
20 10 35 0.000555028
25 10 35 0.000769487
30 10 35 0.00101572
35 10 35 0.00129832
40 10 35 0.00163094
45 10 35 0.00204687
5 10 30 8.73077e-05
10 10 30 0.000217658
15 10 30 0.00038182
20 10 30 0.0005739
25 10 30 0.000795327
30 10 30 0.00104805
35 10 30 0.00133746
40 10 30 0.00167765
45 10 30 0.00210231
5 10 25 8.72598e-05
10 10 25 0.000220433
15 10 25 0.000388496
20 10 25 0.000584873
25 10 25 0.000810169
30 10 25 0.00106632
35 10 25 0.00135893
40 10 25 0.00170242
45 10 25 0.00213094
5 10 20 8.74529e-05
10 10 20 0.000221495
15 10 20 0.000390809
20 10 20 0.000588478
25 10 20 0.000814995
30 10 20 0.00107221
35 10 20 0.00136576
40 10 20 0.00171019
45 10 20 0.00213989
5 10 15 8.72598e-05
10 10 15 0.000220433
15 10 15 0.000388496
20 10 15 0.000584873
25 10 15 0.000810169
30 10 15 0.00106632
35 10 15 0.00135893
40 10 15 0.00170242
45 10 15 0.00213094
5 10 10 8.73077e-05
10 10 10 0.000217658
15 10 10 0.00038182
20 10 10 0.0005739
25 10 10 0.000795327
30 10 10 0.00104805
35 10 10 0.00133746
40 10 10 0.00167765
45 10 10 0.00210231
5 10 5 8.96694e-05
10 10 5 0.00021632
15 10 5 0.000371182
20 10 5 0.000555028
25 10 5 0.000769487
30 10 5 0.00101572
35 10 5 0.00129832
40 10 5 0.00163094
45 10 5 0.00204687
5 5 35 0.000139886
10 5 35 0.00031601
15 5 35 0.000499154
20 5 35 0.00070355
25 5 35 0.000935118
30 5 35 0.00119862
35 5 35 0.00150268
40 5 35 0.00186612
45 5 35 0.00232346
5 5 30 0.000135403
10 5 30 0.000312136
15 5 30 0.000503678
20 5 30 0.000716643
25 5 30 0.000955968
30 5 30 0.0012271
35 5 30 0.0015394
40 5 30 0.00191207
45 5 30 0.00237943
5 5 25 0.000134732
10 5 25 0.000313332
15 5 25 0.000507735
20 5 25 0.000724948
25 5 25 0.000968652
30 5 25 0.001244
35 5 25 0.00156043
40 5 25 0.00193729
45 5 25 0.00240916
5 5 20 0.000134776
10 5 20 0.000314017
15 5 20 0.000509364
20 5 20 0.000727789
25 5 20 0.00097286
30 5 20 0.00124953
35 5 20 0.00156719
40 5 20 0.00194524
45 5 20 0.00241841
5 5 15 0.000134732
10 5 15 0.000313332
15 5 15 0.000507735
20 5 15 0.000724948
25 5 15 0.000968652
30 5 15 0.001244
35 5 15 0.00156043
40 5 15 0.00193729
45 5 15 0.00240916
5 5 10 0.000135403
10 5 10 0.000312136
15 5 10 0.000503678
20 5 10 0.000716643
25 5 10 0.000955968
30 5 10 0.0012271
35 5 10 0.0015394
40 5 10 0.00191207
45 5 10 0.00237943
5 5 5 0.000139886
10 5 5 0.00031601
15 5 5 0.000499154
20 5 5 0.00070355
25 5 5 0.000935118
30 5 5 0.00119862
35 5 5 0.00150268
40 5 5 0.00186612
45 5 5 0.00232346
