50 20 40 0.000602307 -0.00239218 -0.000237378
100 20 40 0.0025764 -0.0165641 -4.91822e-05
100 20 0 0.0025764 -0.0165641 4.91822e-05
50 20 0 0.000602307 -0.00239218 0.000237378
100 0 40 -0.00426667 -0.0173789 -0.000135778
100 0 0 -0.00426667 -0.0173789 0.000135778
50 0 0 -0.00209001 -0.00260493 -0.000284189
50 0 40 -0.00209001 -0.00260493 0.000284189
0 40 40 3.29089e-24 -7.87717e-25 -9.22792e-25
50 40 40 0.00107504 -0.002207 -4.37985e-05
50 40 0 0.00107504 -0.002207 4.37985e-05
0 40 0 3.29089e-24 -7.87717e-25 9.22792e-25
0 0 0 -3.24314e-24 -7.61592e-25 -9.21568e-25
0 0 40 -3.24314e-24 -7.61592e-25 9.21568e-25
55 20 40 0.00104935 -0.00332505 -0.000322185
60 20 40 0.00136911 -0.00434988 -0.000292188
65 20 40 0.00165187 -0.00554549 -0.000269345
70 20 40 0.00190538 -0.0068704 -0.000232993
75 20 40 0.00212374 -0.00832069 -0.000196417
80 20 40 0.00230544 -0.00987413 -0.000157366
85 20 40 0.00244401 -0.011512 -0.000118565
90 20 40 0.00253269 -0.0132023 -8.28562e-05
95 20 40 0.00257053 -0.0148997 -5.79648e-05
100 20 35 0.0025781 -0.0165754 -4.41753e-05
100 20 30 0.00257363 -0.0165852 -3.5624e-05
100 20 25 0.00256674 -0.0165922 -1.92175e-05
100 20 20 0.0025641 -0.0165938 -1.75177e-16
100 20 15 0.00256674 -0.0165922 1.92175e-05
100 20 10 0.00257363 -0.0165852 3.5624e-05
100 20 5 0.0025781 -0.0165754 4.41753e-05
95 20 0 0.00257053 -0.0148997 5.79648e-05
90 20 0 0.00253269 -0.0132023 8.28562e-05
85 20 0 0.00244401 -0.011512 0.000118565
80 20 0 0.00230544 -0.00987413 0.000157366
75 20 0 0.00212374 -0.00832069 0.000196417
70 20 0 0.00190538 -0.0068704 0.000232993
65 20 0 0.00165187 -0.00554549 0.000269345
60 20 0 0.00136911 -0.00434988 0.000292188
55 20 0 0.00104935 -0.00332505 0.000322185
50 20 5 0.000560115 -0.0024406 0.000169564
50 20 10 0.00054787 -0.00249128 9.98196e-05
50 20 15 0.000544289 -0.00251904 4.63725e-05
50 20 20 0.00054347 -0.00252814 -4.74025e-17
50 20 25 0.000544289 -0.00251904 -4.63725e-05
50 20 30 0.00054787 -0.00249128 -9.98196e-05
50 20 35 0.000560115 -0.0024406 -0.000169564
95 0 40 -0.00409952 -0.0148996 -4.58495e-05
90 0 40 -0.00397083 -0.0132004 8.12134e-05
85 0 40 -0.00386163 -0.0114878 0.000114505
80 0 40 -0.00372347 -0.00986631 0.000160626
75 0 40 -0.00354617 -0.00831586 0.000195086
70 0 40 -0.00332801 -0.00686888 0.000228286
65 0 40 -0.00306564 -0.00554665 0.000256226
60 0 40 -0.00276344 -0.00437895 0.000276284
55 0 40 -0.00242921 -0.00339347 0.000286606
100 0 5 -0.00423537 -0.0169774 5.94495e-05
100 0 10 -0.00420127 -0.017002 9.08917e-06
100 0 15 -0.00420121 -0.0169927 6.37127e-07
100 0 20 -0.00419586 -0.0169976 -1.68202e-16
100 0 25 -0.00420121 -0.0169927 -6.37127e-07
100 0 30 -0.00420127 -0.017002 -9.08917e-06
100 0 35 -0.00423537 -0.0169774 -5.94495e-05
55 0 0 -0.00242921 -0.00339347 -0.000286606
60 0 0 -0.00276344 -0.00437895 -0.000276284
65 0 0 -0.00306564 -0.00554665 -0.000256226
70 0 0 -0.00332801 -0.00686888 -0.000228286
75 0 0 -0.00354617 -0.00831586 -0.000195086
80 0 0 -0.00372347 -0.00986631 -0.000160626
85 0 0 -0.00386163 -0.0114878 -0.000114505
90 0 0 -0.00397083 -0.0132004 -8.12134e-05
95 0 0 -0.00409952 -0.0148996 4.58495e-05
50 0 35 -0.00209461 -0.00271266 0.000205758
50 0 30 -0.00210696 -0.00278621 0.000128479
50 0 25 -0.00211592 -0.00282313 6.06107e-05
50 0 20 -0.00211901 -0.00283413 -5.73715e-17
50 0 15 -0.00211592 -0.00282313 -6.06107e-05
50 0 10 -0.00210696 -0.00278621 -0.000128479
50 0 5 -0.00209461 -0.00271266 -0.000205758
50 5 0 -0.00136829 -0.00251393 -0.000160035
50 10 0 -0.000634486 -0.00245827 -3.80611e-06
50 15 0 8.65692e-05 -0.00242162 0.000166955
50 15 40 8.65692e-05 -0.00242162 -0.000166955
50 10 40 -0.000634486 -0.00245827 3.80611e-06
50 5 40 -0.00136829 -0.00251393 0.000160035
100 5 0 -0.00227628 -0.0167845 1.79053e-05
100 10 0 -0.000681438 -0.016618 5.32942e-05
100 15 0 0.000937338 -0.0165737 4.12223e-05
100 15 40 0.000937338 -0.0165737 -4.12223e-05
100 10 40 -0.000681438 -0.016618 -5.32942e-05
100 5 40 -0.00227628 -0.0167845 -1.79053e-05
5 40 40 0.000225702 -0.000115503 -0.000127284
10 40 40 0.000392645 -0.000204038 -0.000150299
15 40 40 0.000551446 -0.000357354 -0.000162716
20 40 40 0.000702335 -0.000555148 -0.000154402
25 40 40 0.000837326 -0.000801636 -0.000138615
30 40 40 0.000948347 -0.00108622 -0.000116418
35 40 40 0.00102465 -0.00139265 -9.08166e-05
40 40 40 0.00106419 -0.001695 -6.86328e-05
45 40 40 0.00107168 -0.00196572 -5.19163e-05
50 40 35 0.00107851 -0.00219507 -4.52495e-05
50 40 30 0.00108013 -0.00219457 -3.94466e-05
50 40 25 0.00108085 -0.00220026 -2.38868e-05
50 40 20 0.00108084 -0.00220371 -3.16697e-17
50 40 15 0.00108085 -0.00220026 2.38868e-05
50 40 10 0.00108013 -0.00219457 3.94466e-05
50 40 5 0.00107851 -0.00219507 4.52495e-05
45 40 0 0.00107168 -0.00196572 5.19163e-05
40 40 0 0.00106419 -0.001695 6.86328e-05
35 40 0 0.00102465 -0.00139265 9.08166e-05
30 40 0 0.000948347 -0.00108622 0.000116418
25 40 0 0.000837326 -0.000801636 0.000138615
20 40 0 0.000702335 -0.000555148 0.000154402
15 40 0 0.000551446 -0.000357354 0.000162716
10 40 0 0.000392645 -0.000204038 0.000150299
5 40 0 0.000225702 -0.000115503 0.000127284
0 40 5 2.73881e-24 -8.71012e-25 3.49052e-25
0 40 10 2.76788e-24 -9.21718e-25 2.20612e-25
0 40 15 2.83924e-24 -9.63079e-25 9.59866e-26
0 40 20 2.85721e-24 -9.72618e-25 6.77861e-39
0 40 25 2.83924e-24 -9.63079e-25 -9.59866e-26
0 40 30 2.76788e-24 -9.21718e-25 -2.20612e-25
0 40 35 2.73881e-24 -8.71012e-25 -3.49052e-25
45 0 40 -0.00176856 -0.00200242 0.00026961
40 0 40 -0.00148875 -0.00155091 0.000250141
35 0 40 -0.00125408 -0.00120331 0.000229965
30 0 40 -0.00105604 -0.000921059 0.000213852
25 0 40 -0.000880103 -0.000682114 0.000202453
20 0 40 -0.000714225 -0.000478337 0.000192674
15 0 40 -0.000550811 -0.000313332 0.000183255
10 0 40 -0.000388462 -0.000182529 0.000159312
5 0 40 -0.000222199 -0.000107903 0.00012929
5 0 0 -0.000222199 -0.000107903 -0.00012929
10 0 0 -0.000388462 -0.000182529 -0.000159312
15 0 0 -0.000550811 -0.000313332 -0.000183255
20 0 0 -0.000714225 -0.000478337 -0.000192674
25 0 0 -0.000880103 -0.000682114 -0.000202453
30 0 0 -0.00105604 -0.000921059 -0.000213852
35 0 0 -0.00125408 -0.00120331 -0.000229965
40 0 0 -0.00148875 -0.00155091 -0.000250141
45 0 0 -0.00176856 -0.00200242 -0.00026961
0 0 35 -2.66924e-24 -8.41802e-25 3.50047e-25
0 0 30 -2.68095e-24 -8.87082e-25 2.2611e-25
0 0 25 -2.74834e-24 -9.27066e-25 1.00318e-25
0 0 20 -2.76587e-24 -9.36379e-25 -3.94893e-39
0 0 15 -2.74834e-24 -9.27066e-25 -1.00318e-25
0 0 10 -2.68095e-24 -8.87082e-25 -2.2611e-25
0 0 5 -2.66924e-24 -8.41802e-25 -3.50047e-25
0 35 0 2.27106e-24 -9.0291e-26 8.04914e-25
0 30 0 1.43134e-24 3.49368e-26 5.20888e-25
0 25 0 6.94582e-25 1.07719e-25 2.55103e-25
0 20 0 -3.0515e-26 1.28674e-25 -1.30452e-26
0 15 0 -7.54984e-25 1.2295e-25 -2.79507e-25
0 10 0 -1.48363e-24 5.64039e-26 -5.39444e-25
0 5 0 -2.28511e-24 -7.61505e-26 -8.09284e-25
0 5 40 -2.28511e-24 -7.61505e-26 8.09284e-25
0 10 40 -1.48363e-24 5.64039e-26 5.39444e-25
0 15 40 -7.54984e-25 1.2295e-25 2.79507e-25
0 20 40 -3.0515e-26 1.28674e-25 1.30452e-26
0 25 40 6.94582e-25 1.07719e-25 -2.55103e-25
0 30 40 1.43134e-24 3.49368e-26 -5.20888e-25
0 35 40 2.27106e-24 -9.0291e-26 -8.04914e-25
50 25 0 0.000515324 -0.00224595 0.000183386
50 30 0 0.000665601 -0.00221134 9.52043e-05
50 35 0 0.000843861 -0.00220652 6.55966e-05
50 35 40 0.000843861 -0.00220652 -6.55966e-05
50 30 40 0.000665601 -0.00221134 -9.52043e-05
50 25 40 0.000515324 -0.00224595 -0.000183386
55 20 35 0.00103703 -0.00343861 -0.000227722
60 20 35 0.00137744 -0.00446244 -0.000224559
65 20 35 0.00166407 -0.00565163 -0.000202725
70 20 35 0.00191968 -0.00696534 -0.000177571
75 20 35 0.00213812 -0.00840155 -0.000148661
80 20 35 0.00231866 -0.00993933 -0.000119085
85 20 35 0.0024548 -0.0115594 -9.02462e-05
90 20 35 0.00253952 -0.0132317 -6.51583e-05
95 20 35 0.00257316 -0.0149149 -4.84964e-05
55 20 30 0.00102852 -0.00352201 -0.000139231
60 20 30 0.00136787 -0.00454697 -0.000143979
65 20 30 0.00165883 -0.00573034 -0.000133574
70 20 30 0.00191449 -0.00703643 -0.000116724
75 20 30 0.00213214 -0.00846217 -9.8012e-05
80 20 30 0.00231077 -0.00998796 -7.85473e-05
85 20 30 0.002445 -0.0115949 -6.01267e-05
90 20 30 0.00252913 -0.0132546 -4.50734e-05
95 20 30 0.00256481 -0.0149281 -3.57572e-05
55 20 25 0.0010246 -0.00356294 -6.50859e-05
60 20 25 0.00136184 -0.0045924 -6.89366e-05
65 20 25 0.00165145 -0.00577495 -6.52579e-05
70 20 25 0.00190746 -0.00707655 -5.7525e-05
75 20 25 0.00212436 -0.00849684 -4.82942e-05
80 20 25 0.00230201 -0.0100159 -3.88483e-05
85 20 25 0.00243549 -0.0116156 -2.99979e-05
90 20 25 0.00252012 -0.0132686 -2.27612e-05
95 20 25 0.00255696 -0.0149374 -1.83418e-05
55 20 20 0.00102359 -0.00357601 -5.79091e-17
60 20 20 0.00135963 -0.00460659 -6.85995e-17
65 20 20 0.00164882 -0.00578912 -7.99242e-17
70 20 20 0.00190445 -0.00708964 -9.16388e-17
75 20 20 0.00212122 -0.00850808 -1.08944e-16
80 20 20 0.00229856 -0.0100251 -1.18519e-16
85 20 20 0.00243188 -0.0116224 -1.29443e-16
90 20 20 0.00251659 -0.0132732 -1.46969e-16
95 20 20 0.00255385 -0.0149402 -1.60816e-16
55 20 15 0.0010246 -0.00356294 6.50859e-05
60 20 15 0.00136184 -0.0045924 6.89366e-05
65 20 15 0.00165145 -0.00577495 6.52579e-05
70 20 15 0.00190746 -0.00707655 5.7525e-05
75 20 15 0.00212436 -0.00849684 4.82942e-05
80 20 15 0.00230201 -0.0100159 3.88483e-05
85 20 15 0.00243549 -0.0116156 2.99979e-05
90 20 15 0.00252012 -0.0132686 2.27612e-05
95 20 15 0.00255696 -0.0149374 1.83418e-05
55 20 10 0.00102852 -0.00352201 0.000139231
60 20 10 0.00136787 -0.00454697 0.000143979
65 20 10 0.00165883 -0.00573034 0.000133574
70 20 10 0.00191449 -0.00703643 0.000116724
75 20 10 0.00213214 -0.00846217 9.8012e-05
80 20 10 0.00231077 -0.00998796 7.85473e-05
85 20 10 0.002445 -0.0115949 6.01267e-05
90 20 10 0.00252913 -0.0132546 4.50734e-05
95 20 10 0.00256481 -0.0149281 3.57572e-05
55 20 5 0.00103703 -0.00343861 0.000227722
60 20 5 0.00137744 -0.00446244 0.000224559
65 20 5 0.00166407 -0.00565163 0.000202725
70 20 5 0.00191968 -0.00696534 0.000177571
75 20 5 0.00213812 -0.00840155 0.000148661
80 20 5 0.00231866 -0.00993933 0.000119085
85 20 5 0.0024548 -0.0115594 9.02462e-05
90 20 5 0.00253952 -0.0132317 6.51583e-05
95 20 5 0.00257316 -0.0149149 4.84964e-05
55 0 35 -0.0024363 -0.00350821 0.000207883
60 0 35 -0.00277238 -0.004493 0.000202688
65 0 35 -0.00307617 -0.00565401 0.000190029
70 0 35 -0.0033403 -0.0069643 0.000171467
75 0 35 -0.00356026 -0.00839815 0.000148856
80 0 35 -0.00374016 -0.00993253 0.000120576
85 0 35 -0.0038809 -0.0115409 9.21631e-05
90 0 35 -0.0040046 -0.0132249 4.42238e-05
95 0 35 -0.00410752 -0.0149394 -6.9103e-06
55 0 30 -0.00244511 -0.00358783 0.000129678
60 0 30 -0.00277688 -0.00457433 0.000127496
65 0 30 -0.00307708 -0.00573199 0.00012147
70 0 30 -0.00333913 -0.00703554 0.000111472
75 0 30 -0.00355856 -0.00846047 9.73788e-05
80 0 30 -0.00373831 -0.00998324 8.03764e-05
85 0 30 -0.00388211 -0.0115824 5.73566e-05
90 0 30 -0.00399465 -0.0132499 3.08954e-05
95 0 30 -0.00409953 -0.0149391 -1.94449e-06
55 0 25 -0.00245166 -0.00362842 6.11657e-05
60 0 25 -0.00278041 -0.00461692 6.06637e-05
65 0 25 -0.00307753 -0.00577454 5.84672e-05
70 0 25 -0.00333724 -0.00707566 5.41675e-05
75 0 25 -0.00355515 -0.00849585 4.78466e-05
80 0 25 -0.00373467 -0.0100135 3.91095e-05
85 0 25 -0.00387561 -0.0116043 2.82772e-05
90 0 25 -0.00398893 -0.0132658 1.47184e-05
95 0 25 -0.00408638 -0.014946 3.69134e-06
55 0 20 -0.00245413 -0.00364072 -6.85216e-17
60 0 20 -0.00278181 -0.00463024 -7.84632e-17
65 0 20 -0.00307778 -0.00578809 -9.26971e-17
70 0 20 -0.0033365 -0.00708851 -1.01693e-16
75 0 20 -0.00355389 -0.00850755 -1.13766e-16
80 0 20 -0.00373259 -0.010023 -1.24171e-16
85 0 20 -0.00387374 -0.0116123 -1.40218e-16
90 0 20 -0.00398483 -0.0132703 -1.5097e-16
95 0 20 -0.00408592 -0.01495 -1.54618e-16
55 0 15 -0.00245166 -0.00362842 -6.11657e-05
60 0 15 -0.00278041 -0.00461692 -6.06637e-05
65 0 15 -0.00307753 -0.00577454 -5.84672e-05
70 0 15 -0.00333724 -0.00707566 -5.41675e-05
75 0 15 -0.00355515 -0.00849585 -4.78466e-05
80 0 15 -0.00373467 -0.0100135 -3.91095e-05
85 0 15 -0.00387561 -0.0116043 -2.82772e-05
90 0 15 -0.00398893 -0.0132658 -1.47184e-05
95 0 15 -0.00408638 -0.014946 -3.69134e-06
55 0 10 -0.00244511 -0.00358783 -0.000129678
60 0 10 -0.00277688 -0.00457433 -0.000127496
65 0 10 -0.00307708 -0.00573199 -0.00012147
70 0 10 -0.00333913 -0.00703554 -0.000111472
75 0 10 -0.00355856 -0.00846047 -9.73788e-05
80 0 10 -0.00373831 -0.00998324 -8.03764e-05
85 0 10 -0.00388211 -0.0115824 -5.73566e-05
90 0 10 -0.00399465 -0.0132499 -3.08954e-05
95 0 10 -0.00409953 -0.0149391 1.94449e-06
55 0 5 -0.0024363 -0.00350821 -0.000207883
60 0 5 -0.00277238 -0.004493 -0.000202688
65 0 5 -0.00307617 -0.00565401 -0.000190029
70 0 5 -0.0033403 -0.0069643 -0.000171467
75 0 5 -0.00356026 -0.00839815 -0.000148856
80 0 5 -0.00374016 -0.00993253 -0.000120576
85 0 5 -0.0038809 -0.0115409 -9.21631e-05
90 0 5 -0.0040046 -0.0132249 -4.42238e-05
95 0 5 -0.00410752 -0.0149394 6.9103e-06
50 15 35 5.05557e-05 -0.00251636 -0.000109841
50 15 30 3.69616e-05 -0.00256848 -6.33779e-05
50 15 25 3.06694e-05 -0.00259774 -2.9274e-05
50 15 20 2.90437e-05 -0.0026071 -5.08099e-17
50 15 15 3.06694e-05 -0.00259774 2.9274e-05
50 15 10 3.69616e-05 -0.00256848 6.33779e-05
50 15 5 5.05557e-05 -0.00251636 0.000109841
50 10 35 -0.00065192 -0.00257562 -2.7678e-06
50 10 30 -0.000663433 -0.00263197 -1.17515e-06
50 10 25 -0.000669633 -0.00266322 1.42517e-07
50 10 20 -0.000671665 -0.00267304 -5.25816e-17
50 10 15 -0.000669633 -0.00266322 -1.42517e-07
50 10 10 -0.000663433 -0.00263197 1.17515e-06
50 10 5 -0.00065192 -0.00257562 2.7678e-06
50 5 35 -0.00137496 -0.00262715 0.000109198
50 5 30 -0.00138386 -0.00269442 6.69528e-05
50 5 25 -0.00139021 -0.00272798 3.25979e-05
50 5 20 -0.00139245 -0.00273824 -5.57834e-17
50 5 15 -0.00139021 -0.00272798 -3.25979e-05
50 5 10 -0.00138386 -0.00269442 -6.69528e-05
50 5 5 -0.00137496 -0.00262715 -0.000109198
100 15 35 0.000934263 -0.0165823 -3.60389e-05
100 15 30 0.000928994 -0.0165955 -2.53535e-05
100 15 25 0.000924117 -0.0166013 -1.31122e-05
100 15 20 0.000922878 -0.0166033 -1.73773e-16
100 15 15 0.000924117 -0.0166013 1.31122e-05
100 15 10 0.000928994 -0.0165955 2.53535e-05
100 15 5 0.000934263 -0.0165823 3.60389e-05
100 10 35 -0.000690187 -0.01663 -2.63674e-05
100 10 30 -0.000701104 -0.0166326 -1.36669e-05
100 10 25 -0.000702733 -0.0166356 -8.48626e-06
100 10 20 -0.000704636 -0.0166392 -1.68374e-16
100 10 15 -0.000702733 -0.0166356 8.48626e-06
100 10 10 -0.000701104 -0.0166326 1.36669e-05
100 10 5 -0.000690187 -0.01663 2.63674e-05
100 5 35 -0.0023306 -0.016765 -1.30926e-05
100 5 30 -0.00233753 -0.0167329 -1.48811e-05
100 5 25 -0.00234014 -0.0167442 -3.46898e-06
100 5 20 -0.00233863 -0.0167434 -1.66833e-16
100 5 15 -0.00234014 -0.0167442 3.46898e-06
100 5 10 -0.00233753 -0.0167329 1.48811e-05
100 5 5 -0.0023306 -0.016765 1.30926e-05
55 15 40 0.000144007 -0.00322217 -0.000193327
60 15 40 0.000296721 -0.00428322 -0.000169931
65 15 40 0.000438625 -0.00547452 -0.000151079
70 15 40 0.000565251 -0.00681192 -0.000129398
75 15 40 0.000674399 -0.00827007 -0.000107697
80 15 40 0.000765693 -0.00983286 -8.55533e-05
85 15 40 0.000841841 -0.0114803 -6.66589e-05
90 15 40 0.00089807 -0.0131875 -5.22202e-05
95 15 40 0.000928837 -0.0149039 -4.25397e-05
55 10 40 -0.000677813 -0.00324649 -1.16351e-05
60 10 40 -0.000713496 -0.00425678 -1.69503e-05
65 10 40 -0.000716828 -0.0054528 -7.68303e-06
70 10 40 -0.000715669 -0.00679003 -3.61336e-06
75 10 40 -0.000713492 -0.00825192 -4.40299e-07
80 10 40 -0.00070906 -0.00981657 -1.57519e-07
85 10 40 -0.000699846 -0.01146 -9.68326e-07
90 10 40 -0.000672548 -0.0131738 -1.62713e-05
95 10 40 -0.00065932 -0.0149344 -3.40388e-05
55 5 40 -0.00154881 -0.00330142 0.000155458
60 5 40 -0.0017152 -0.00429528 0.00014839
65 5 40 -0.00186577 -0.00547525 0.000136554
70 5 40 -0.00199281 -0.00680916 0.000123504
75 5 40 -0.00209975 -0.00826776 0.000106058
80 5 40 -0.00218632 -0.00982509 8.6901e-05
85 5 40 -0.00224946 -0.0114674 6.19257e-05
90 5 40 -0.0022944 -0.0131531 3.86951e-05
95 5 40 -0.00227118 -0.0149747 -2.04553e-05
55 15 0 0.000144007 -0.00322217 0.000193327
60 15 0 0.000296721 -0.00428322 0.000169931
65 15 0 0.000438625 -0.00547452 0.000151079
70 15 0 0.000565251 -0.00681192 0.000129398
75 15 0 0.000674399 -0.00827007 0.000107697
80 15 0 0.000765693 -0.00983286 8.55533e-05
85 15 0 0.000841841 -0.0114803 6.66589e-05
90 15 0 0.00089807 -0.0131875 5.22202e-05
95 15 0 0.000928837 -0.0149039 4.25397e-05
55 10 0 -0.000677813 -0.00324649 1.16351e-05
60 10 0 -0.000713496 -0.00425678 1.69503e-05
65 10 0 -0.000716828 -0.0054528 7.68303e-06
70 10 0 -0.000715669 -0.00679003 3.61336e-06
75 10 0 -0.000713492 -0.00825192 4.40299e-07
80 10 0 -0.00070906 -0.00981657 1.57519e-07
85 10 0 -0.000699846 -0.01146 9.68326e-07
90 10 0 -0.000672548 -0.0131738 1.62713e-05
95 10 0 -0.00065932 -0.0149344 3.40388e-05
55 5 0 -0.00154881 -0.00330142 -0.000155458
60 5 0 -0.0017152 -0.00429528 -0.00014839
65 5 0 -0.00186577 -0.00547525 -0.000136554
70 5 0 -0.00199281 -0.00680916 -0.000123504
75 5 0 -0.00209975 -0.00826776 -0.000106058
80 5 0 -0.00218632 -0.00982509 -8.6901e-05
85 5 0 -0.00224946 -0.0114674 -6.19257e-05
90 5 0 -0.0022944 -0.0131531 -3.86951e-05
95 5 0 -0.00227118 -0.0149747 2.04553e-05
5 40 35 0.000192143 -0.000134602 -6.93399e-05
10 40 35 0.000378818 -0.000232858 -0.000111615
15 40 35 0.000548596 -0.000387589 -0.000119561
20 40 35 0.000706118 -0.000584638 -0.000116796
25 40 35 0.000844546 -0.000826015 -0.000105081
30 40 35 0.000956844 -0.00110303 -8.97089e-05
35 40 35 0.0010325 -0.00139901 -7.30039e-05
40 40 35 0.00107049 -0.00169212 -5.80661e-05
45 40 35 0.00107629 -0.00195631 -4.89645e-05
5 40 30 0.000198113 -0.000146491 -3.97848e-05
10 40 30 0.000372457 -0.000256958 -6.60642e-05
15 40 30 0.000543868 -0.000411458 -7.74216e-05
20 40 30 0.000702242 -0.000607827 -7.64875e-05
25 40 30 0.000841065 -0.000845682 -7.02916e-05
30 40 30 0.000952751 -0.00111778 -6.14075e-05
35 40 30 0.00102763 -0.00140765 -5.24462e-05
40 40 30 0.00106638 -0.00169416 -4.51631e-05
45 40 30 0.00107512 -0.00195538 -4.09328e-05
5 40 25 0.000199813 -0.00015249 -1.83821e-05
10 40 25 0.00037371 -0.000267004 -3.08187e-05
15 40 25 0.000540945 -0.000425126 -3.70006e-05
20 40 25 0.000698649 -0.00062087 -3.77618e-05
25 40 25 0.000836954 -0.000857588 -3.51334e-05
30 40 25 0.000948348 -0.00112765 -3.1376e-05
35 40 25 0.00102315 -0.00141532 -2.76977e-05
40 40 25 0.00106265 -0.00170003 -2.50623e-05
45 40 25 0.00107313 -0.00196025 -2.39203e-05
5 40 20 0.000201016 -0.000154396 7.92346e-19
10 40 20 0.000373728 -0.000270395 1.66442e-19
15 40 20 0.000540524 -0.000429136 -1.62045e-18
20 40 20 0.000697232 -0.000625329 -4.53188e-18
25 40 20 0.000835383 -0.000861579 -7.9582e-18
30 40 20 0.000946654 -0.00113119 -1.20264e-17
35 40 20 0.00102151 -0.00141834 -1.71058e-17
40 40 20 0.00106133 -0.00170273 -2.21592e-17
45 40 20 0.00107244 -0.00196312 -2.72952e-17
5 40 15 0.000199813 -0.00015249 1.83821e-05
10 40 15 0.00037371 -0.000267004 3.08187e-05
15 40 15 0.000540945 -0.000425126 3.70006e-05
20 40 15 0.000698649 -0.00062087 3.77618e-05
25 40 15 0.000836954 -0.000857588 3.51334e-05
30 40 15 0.000948348 -0.00112765 3.1376e-05
35 40 15 0.00102315 -0.00141532 2.76977e-05
40 40 15 0.00106265 -0.00170003 2.50623e-05
45 40 15 0.00107313 -0.00196025 2.39203e-05
5 40 10 0.000198113 -0.000146491 3.97848e-05
10 40 10 0.000372457 -0.000256958 6.60642e-05
15 40 10 0.000543868 -0.000411458 7.74216e-05
20 40 10 0.000702242 -0.000607827 7.64875e-05
25 40 10 0.000841065 -0.000845682 7.02916e-05
30 40 10 0.000952751 -0.00111778 6.14075e-05
35 40 10 0.00102763 -0.00140765 5.24462e-05
40 40 10 0.00106638 -0.00169416 4.51631e-05
45 40 10 0.00107512 -0.00195538 4.09328e-05
5 40 5 0.000192143 -0.000134602 6.93399e-05
10 40 5 0.000378818 -0.000232858 0.000111615
15 40 5 0.000548596 -0.000387589 0.000119561
20 40 5 0.000706118 -0.000584638 0.000116796
25 40 5 0.000844546 -0.000826015 0.000105081
30 40 5 0.000956844 -0.00110303 8.97089e-05
35 40 5 0.0010325 -0.00139901 7.30039e-05
40 40 5 0.00107049 -0.00169212 5.80661e-05
45 40 5 0.00107629 -0.00195631 4.89645e-05
5 0 35 -0.000185993 -0.000126885 7.13497e-05
10 0 35 -0.000369629 -0.000212712 0.000119436
15 0 35 -0.000540915 -0.00034804 0.000136936
20 0 35 -0.000709098 -0.000518068 0.000148208
25 0 35 -0.000877264 -0.000726525 0.000155587
30 0 35 -0.00105443 -0.000973003 0.00016401
35 0 35 -0.00125345 -0.0012665 0.000174206
40 0 35 -0.00148946 -0.00162918 0.000186192
45 0 35 -0.00177095 -0.00209647 0.000197853
5 0 30 -0.000191439 -0.000138537 4.18276e-05
10 0 30 -0.000362745 -0.000237893 7.23388e-05
15 0 30 -0.000536477 -0.000375433 9.05167e-05
20 0 30 -0.00070764 -0.000549026 9.91278e-05
25 0 30 -0.000879653 -0.000760745 0.000105017
30 0 30 -0.00106067 -0.00101207 0.000109912
35 0 30 -0.00126355 -0.00131225 0.000114962
40 0 30 -0.00150257 -0.00168383 0.000120049
45 0 30 -0.00178493 -0.00216127 0.000124823
5 0 25 -0.000193301 -0.000144751 1.96747e-05
10 0 25 -0.000364766 -0.000248968 3.43534e-05
15 0 25 -0.000535506 -0.000391656 4.4039e-05
20 0 25 -0.000707928 -0.000567016 4.95289e-05
25 0 25 -0.000882019 -0.000780963 5.25683e-05
30 0 25 -0.0010656 -0.00103451 5.48101e-05
35 0 25 -0.00127082 -0.00133747 5.66433e-05
40 0 25 -0.00151162 -0.00171231 5.82263e-05
45 0 25 -0.00179469 -0.0021937 5.95569e-05
5 0 20 -0.000194635 -0.000146748 -1.1977e-18
10 0 20 -0.000365214 -0.000252732 -3.8226e-18
15 0 20 -0.000536 -0.000396533 -7.59111e-18
20 0 20 -0.000708141 -0.000573076 -1.20258e-17
25 0 20 -0.000882967 -0.000787531 -1.69864e-17
30 0 20 -0.00106733 -0.00104179 -2.26614e-17
35 0 20 -0.00127332 -0.00134544 -2.98545e-17
40 0 20 -0.00151468 -0.00172116 -3.90557e-17
45 0 20 -0.00179797 -0.00220357 -4.78311e-17
5 0 15 -0.000193301 -0.000144751 -1.96747e-05
10 0 15 -0.000364766 -0.000248968 -3.43534e-05
15 0 15 -0.000535506 -0.000391656 -4.4039e-05
20 0 15 -0.000707928 -0.000567016 -4.95289e-05
25 0 15 -0.000882019 -0.000780963 -5.25683e-05
30 0 15 -0.0010656 -0.00103451 -5.48101e-05
35 0 15 -0.00127082 -0.00133747 -5.66433e-05
40 0 15 -0.00151162 -0.00171231 -5.82263e-05
45 0 15 -0.00179469 -0.0021937 -5.95569e-05
5 0 10 -0.000191439 -0.000138537 -4.18276e-05
10 0 10 -0.000362745 -0.000237893 -7.23388e-05
15 0 10 -0.000536477 -0.000375433 -9.05167e-05
20 0 10 -0.00070764 -0.000549026 -9.91278e-05
25 0 10 -0.000879653 -0.000760745 -0.000105017
30 0 10 -0.00106067 -0.00101207 -0.000109912
35 0 10 -0.00126355 -0.00131225 -0.000114962
40 0 10 -0.00150257 -0.00168383 -0.000120049
45 0 10 -0.00178493 -0.00216127 -0.000124823
5 0 5 -0.000185993 -0.000126885 -7.13497e-05
10 0 5 -0.000369629 -0.000212712 -0.000119436
15 0 5 -0.000540915 -0.00034804 -0.000136936
20 0 5 -0.000709098 -0.000518068 -0.000148208
25 0 5 -0.000877264 -0.000726525 -0.000155587
30 0 5 -0.00105443 -0.000973003 -0.00016401
35 0 5 -0.00125345 -0.0012665 -0.000174206
40 0 5 -0.00148946 -0.00162918 -0.000186192
45 0 5 -0.00177095 -0.00209647 -0.000197853
0 35 35 1.74756e-24 -1.54557e-25 -2.86499e-25
0 35 30 1.71297e-24 -2.01831e-25 -1.8038e-25
0 35 25 1.7418e-24 -2.19345e-25 -7.82051e-26
0 35 20 1.74714e-24 -2.24921e-25 3.65046e-39
0 35 15 1.7418e-24 -2.19345e-25 7.82051e-26
0 35 10 1.71297e-24 -2.01831e-25 1.8038e-25
0 35 5 1.74756e-24 -1.54557e-25 2.86499e-25
0 30 35 1.07054e-24 -4.21405e-26 -1.88324e-25
0 30 30 1.03271e-24 -1.00086e-25 -1.20007e-25
0 30 25 1.04507e-24 -1.21529e-25 -5.15893e-26
0 30 20 1.04617e-24 -1.28019e-25 9.95108e-40
0 30 15 1.04507e-24 -1.21529e-25 5.15893e-26
0 30 10 1.03271e-24 -1.00086e-25 1.20007e-25
0 30 5 1.07054e-24 -4.21405e-26 1.88324e-25
0 25 35 5.19477e-25 2.73074e-26 -9.19331e-26
0 25 30 5.01954e-25 -3.28441e-26 -5.98803e-26
0 25 25 5.09057e-25 -5.3384e-26 -2.56886e-26
0 25 20 5.09777e-25 -5.97921e-26 -3.44383e-40
0 25 15 5.09057e-25 -5.3384e-26 2.56886e-26
0 25 10 5.01954e-25 -3.28441e-26 5.98803e-26
0 25 5 5.19477e-25 2.73074e-26 9.19331e-26
0 20 35 -1.67759e-26 4.73942e-26 3.32467e-27
0 20 30 -1.08244e-26 -1.45953e-26 2.26372e-27
0 20 25 -8.86201e-27 -3.59884e-26 1.00675e-27
0 20 20 -8.23479e-27 -4.23898e-26 -1.08974e-39
0 20 15 -8.86201e-27 -3.59884e-26 -1.00675e-27
0 20 10 -1.08244e-26 -1.45953e-26 -2.26372e-27
0 20 5 -1.67759e-26 4.73942e-26 -3.32467e-27
0 15 35 -5.52497e-25 4.20514e-26 9.80629e-26
0 15 30 -5.22144e-25 -1.99216e-26 6.42158e-26
0 15 25 -5.24787e-25 -4.20044e-26 2.77993e-26
0 15 20 -5.24157e-25 -4.89082e-26 -1.86541e-39
0 15 15 -5.24787e-25 -4.20044e-26 -2.77993e-26
0 15 10 -5.22144e-25 -1.99216e-26 -6.42158e-26
0 15 5 -5.52497e-25 4.20514e-26 -9.80629e-26
0 10 35 -1.09636e-24 -2.1199e-26 1.92638e-25
0 10 30 -1.04336e-24 -8.18659e-26 1.24192e-25
0 10 25 -1.05033e-24 -1.05331e-25 5.41741e-26
0 10 20 -1.05e-24 -1.12449e-25 -2.33988e-39
0 10 15 -1.05033e-24 -1.05331e-25 -5.41741e-26
0 10 10 -1.04336e-24 -8.18659e-26 -1.24192e-25
0 10 5 -1.09636e-24 -2.1199e-26 -1.92638e-25
0 5 35 -1.73865e-24 -1.4002e-25 2.88534e-25
0 5 30 -1.68755e-24 -1.88231e-25 1.8527e-25
0 5 25 -1.71136e-24 -2.06677e-25 8.18016e-26
0 5 20 -1.71563e-24 -2.12619e-25 -3.42661e-39
0 5 15 -1.71136e-24 -2.06677e-25 -8.18016e-26
0 5 10 -1.68755e-24 -1.88231e-25 -1.8527e-25
0 5 5 -1.73865e-24 -1.4002e-25 -2.88534e-25
50 35 35 0.000845127 -0.00219356 -5.67252e-05
50 35 30 0.000845935 -0.00219701 -4.58649e-05
50 35 25 0.000844184 -0.00220752 -2.51804e-05
50 35 20 0.000843663 -0.00221215 -3.47453e-17
50 35 15 0.000844184 -0.00220752 2.51804e-05
50 35 10 0.000845935 -0.00219701 4.58649e-05
50 35 5 0.000845127 -0.00219356 5.67252e-05
50 30 35 0.000656978 -0.00219091 -8.89688e-05
50 30 30 0.000649916 -0.00220715 -6.5761e-05
50 30 25 0.000644608 -0.00222324 -3.36463e-05
50 30 20 0.000643321 -0.00222937 -3.80207e-17
50 30 15 0.000644608 -0.00222324 3.36463e-05
50 30 10 0.000649916 -0.00220715 6.5761e-05
50 30 5 0.000656978 -0.00219091 8.89688e-05
50 25 35 0.000485414 -0.00223179 -0.000136755
50 25 30 0.000465167 -0.00226415 -8.66969e-05
50 25 25 0.00045874 -0.0022857 -4.12979e-05
50 25 20 0.000456919 -0.00229318 -4.12031e-17
50 25 15 0.00045874 -0.0022857 4.12979e-05
50 25 10 0.000465167 -0.00226415 8.66969e-05
50 25 5 0.000485414 -0.00223179 0.000136755
5 35 40 0.000143168 -4.91721e-05 -0.000104023
10 35 40 0.000273193 -0.000160521 -0.000120643
15 35 40 0.000389996 -0.000309959 -0.000128534
20 35 40 0.000501434 -0.000513478 -0.00012266
25 35 40 0.00060387 -0.000763915 -0.000112074
30 35 40 0.000694372 -0.00105565 -9.86279e-05
35 35 40 0.000767898 -0.00137442 -8.65549e-05
40 35 40 0.000815432 -0.00169087 -7.41093e-05
45 35 40 0.000841747 -0.00197247 -6.59113e-05
5 30 40 9.19536e-05 -2.2761e-05 -6.8092e-05
10 30 40 0.000169945 -0.00012168 -8.27667e-05
15 30 40 0.00025172 -0.000274566 -8.5551e-05
20 30 40 0.000332411 -0.000476817 -8.27805e-05
25 30 40 0.000413061 -0.000727195 -7.85989e-05
30 30 40 0.000493731 -0.00102019 -7.68725e-05
35 30 40 0.000571326 -0.00134471 -8.01881e-05
40 30 40 0.000634354 -0.00168837 -9.30954e-05
45 30 40 0.000650511 -0.00199383 -9.18058e-05
5 25 40 4.4152e-05 -1.03265e-05 -3.3106e-05
10 25 40 8.37273e-05 -9.86407e-05 -4.01523e-05
15 25 40 0.000127238 -0.000245865 -4.19739e-05
20 25 40 0.00017707 -0.000443952 -4.09887e-05
25 25 40 0.000234282 -0.000688024 -4.24466e-05
30 25 40 0.000302247 -0.000974174 -4.95064e-05
35 25 40 0.0003824 -0.00129987 -6.64998e-05
40 25 40 0.000472579 -0.00165255 -9.74772e-05
45 25 40 0.000552465 -0.00203781 -0.000148437
5 20 40 -1.27418e-06 -4.97225e-06 2.07711e-06
10 20 40 3.12158e-07 -8.7359e-05 3.5774e-06
15 20 40 6.36013e-06 -0.000227906 4.66389e-06
20 20 40 1.99605e-05 -0.000417671 4.09423e-06
25 20 40 4.55737e-05 -0.000650524 -4.24333e-07
30 20 40 8.85395e-05 -0.000924069 -1.20082e-05
35 20 40 0.000155596 -0.00123633 -3.70444e-05
40 20 40 0.000251922 -0.00159072 -7.76974e-05
45 20 40 0.00039489 -0.0019762 -0.000157641
5 15 40 -4.72283e-05 -6.33892e-06 3.71744e-05
10 15 40 -8.52129e-05 -8.78572e-05 4.74942e-05
15 15 40 -0.000119978 -0.00022359 5.23912e-05
20 15 40 -0.000148872 -0.000404183 5.20403e-05
25 15 40 -0.000165825 -0.000623981 4.79037e-05
30 15 40 -0.000165435 -0.00088103 3.65908e-05
35 15 40 -0.000141341 -0.00117626 1.41498e-05
40 15 40 -8.52044e-05 -0.0015142 -2.72814e-05
45 15 40 2.03212e-06 -0.00189911 -9.42318e-05
5 10 40 -9.57715e-05 -1.65252e-05 7.17894e-05
10 10 40 -0.000175628 -0.00010361 9.04868e-05
15 10 40 -0.000256417 -0.000236718 9.87705e-05
20 10 40 -0.000331816 -0.000408946 0.000101453
25 10 40 -0.000400164 -0.00061807 0.000100458
30 10 40 -0.000458666 -0.000861508 9.50379e-05
35 10 40 -0.000504442 -0.00114252 8.21549e-05
40 10 40 -0.000539129 -0.00147154 5.75267e-05
45 10 40 -0.000578769 -0.00188454 2.60398e-05
5 5 40 -0.000146078 -4.26239e-05 0.000106404
10 5 40 -0.000279276 -0.000139594 0.000128501
15 5 40 -0.00040171 -0.000266075 0.000144785
20 5 40 -0.000523722 -0.000435035 0.000150564
25 5 40 -0.000645302 -0.0006383 0.00015478
30 5 40 -0.000768874 -0.000875884 0.000158125
35 5 40 -0.000897596 -0.00115219 0.000160812
40 5 40 -0.00103818 -0.00148721 0.000162341
45 5 40 -0.0011963 -0.00192358 0.0001633
5 35 0 0.000143168 -4.91721e-05 0.000104023
10 35 0 0.000273193 -0.000160521 0.000120643
15 35 0 0.000389996 -0.000309959 0.000128534
20 35 0 0.000501434 -0.000513478 0.00012266
25 35 0 0.00060387 -0.000763915 0.000112074
30 35 0 0.000694372 -0.00105565 9.86279e-05
35 35 0 0.000767898 -0.00137442 8.65549e-05
40 35 0 0.000815432 -0.00169087 7.41093e-05
45 35 0 0.000841747 -0.00197247 6.59113e-05
5 30 0 9.19536e-05 -2.2761e-05 6.8092e-05
10 30 0 0.000169945 -0.00012168 8.27667e-05
15 30 0 0.00025172 -0.000274566 8.5551e-05
20 30 0 0.000332411 -0.000476817 8.27805e-05
25 30 0 0.000413061 -0.000727195 7.85989e-05
30 30 0 0.000493731 -0.00102019 7.68725e-05
35 30 0 0.000571326 -0.00134471 8.01881e-05
40 30 0 0.000634354 -0.00168837 9.30954e-05
45 30 0 0.000650511 -0.00199383 9.18058e-05
5 25 0 4.4152e-05 -1.03265e-05 3.3106e-05
10 25 0 8.37273e-05 -9.86407e-05 4.01523e-05
15 25 0 0.000127238 -0.000245865 4.19739e-05
20 25 0 0.00017707 -0.000443952 4.09887e-05
25 25 0 0.000234282 -0.000688024 4.24466e-05
30 25 0 0.000302247 -0.000974174 4.95064e-05
35 25 0 0.0003824 -0.00129987 6.64998e-05
40 25 0 0.000472579 -0.00165255 9.74772e-05
45 25 0 0.000552465 -0.00203781 0.000148437
5 20 0 -1.27418e-06 -4.97225e-06 -2.07711e-06
10 20 0 3.12158e-07 -8.7359e-05 -3.5774e-06
15 20 0 6.36013e-06 -0.000227906 -4.66389e-06
20 20 0 1.99605e-05 -0.000417671 -4.09423e-06
25 20 0 4.55737e-05 -0.000650524 4.24333e-07
30 20 0 8.85395e-05 -0.000924069 1.20082e-05
35 20 0 0.000155596 -0.00123633 3.70444e-05
40 20 0 0.000251922 -0.00159072 7.76974e-05
45 20 0 0.00039489 -0.0019762 0.000157641
5 15 0 -4.72283e-05 -6.33892e-06 -3.71744e-05
10 15 0 -8.52129e-05 -8.78572e-05 -4.74942e-05
15 15 0 -0.000119978 -0.00022359 -5.23912e-05
20 15 0 -0.000148872 -0.000404183 -5.20403e-05
25 15 0 -0.000165825 -0.000623981 -4.79037e-05
30 15 0 -0.000165435 -0.00088103 -3.65908e-05
35 15 0 -0.000141341 -0.00117626 -1.41498e-05
40 15 0 -8.52044e-05 -0.0015142 2.72814e-05
45 15 0 2.03212e-06 -0.00189911 9.42318e-05
5 10 0 -9.57715e-05 -1.65252e-05 -7.17894e-05
10 10 0 -0.000175628 -0.00010361 -9.04868e-05
15 10 0 -0.000256417 -0.000236718 -9.87705e-05
20 10 0 -0.000331816 -0.000408946 -0.000101453
25 10 0 -0.000400164 -0.00061807 -0.000100458
30 10 0 -0.000458666 -0.000861508 -9.50379e-05
35 10 0 -0.000504442 -0.00114252 -8.21549e-05
40 10 0 -0.000539129 -0.00147154 -5.75267e-05
45 10 0 -0.000578769 -0.00188454 -2.60398e-05
5 5 0 -0.000146078 -4.26239e-05 -0.000106404
10 5 0 -0.000279276 -0.000139594 -0.000128501
15 5 0 -0.00040171 -0.000266075 -0.000144785
20 5 0 -0.000523722 -0.000435035 -0.000150564
25 5 0 -0.000645302 -0.0006383 -0.00015478
30 5 0 -0.000768874 -0.000875884 -0.000158125
35 5 0 -0.000897596 -0.00115219 -0.000160812
40 5 0 -0.00103818 -0.00148721 -0.000162341
45 5 0 -0.0011963 -0.00192358 -0.0001633
55 15 35 0.000130314 -0.00333942 -0.000127606
60 15 35 0.000302991 -0.00440233 -0.00012367
65 15 35 0.000449374 -0.00558608 -0.000108706
70 15 35 0.000577778 -0.00691132 -9.30588e-05
75 15 35 0.00068715 -0.00835507 -7.67466e-05
80 15 35 0.000777197 -0.00990134 -6.11509e-05
85 15 35 0.000849997 -0.0115308 -4.75269e-05
90 15 35 0.000902342 -0.0132184 -3.79943e-05
95 15 35 0.000928812 -0.0149191 -3.41846e-05
55 15 30 0.000113927 -0.00340806 -7.61061e-05
60 15 30 0.00029446 -0.00448111 -7.80158e-05
65 15 30 0.000447187 -0.00566173 -7.07882e-05
70 15 30 0.000577471 -0.00698004 -6.04447e-05
75 15 30 0.000686984 -0.0084143 -4.98022e-05
80 15 30 0.000775967 -0.00994932 -3.97327e-05
85 15 30 0.000846938 -0.0115664 -3.12735e-05
90 15 30 0.000897288 -0.0132417 -2.51695e-05
95 15 30 0.000923346 -0.0149335 -2.2653e-05
55 15 25 0.000105938 -0.00344569 -3.61398e-05
60 15 25 0.000287808 -0.00452381 -3.78995e-05
65 15 25 0.000442176 -0.00570434 -3.50454e-05
70 15 25 0.000573881 -0.00701952 -3.01801e-05
75 15 25 0.000683529 -0.00844862 -2.48347e-05
80 15 25 0.000772068 -0.00997733 -1.9871e-05
85 15 25 0.000842274 -0.0115874 -1.57591e-05
90 15 25 0.000891892 -0.0132555 -1.29219e-05
95 15 25 0.000918024 -0.0149419 -1.16953e-05
55 15 20 0.000103449 -0.00345733 -6.0782e-17
60 15 20 0.000285423 -0.0045373 -7.12256e-17
65 15 20 0.000440161 -0.00571806 -8.51018e-17
70 15 20 0.000572125 -0.00703233 -9.74067e-17
75 15 20 0.000681925 -0.00845986 -1.08213e-16
80 15 20 0.000770324 -0.00998655 -1.18918e-16
85 15 20 0.000840385 -0.0115943 -1.32885e-16
90 15 20 0.000889875 -0.0132603 -1.45478e-16
95 15 20 0.00091588 -0.014945 -1.61725e-16
55 15 15 0.000105938 -0.00344569 3.61398e-05
60 15 15 0.000287808 -0.00452381 3.78995e-05
65 15 15 0.000442176 -0.00570434 3.50454e-05
70 15 15 0.000573881 -0.00701952 3.01801e-05
75 15 15 0.000683529 -0.00844862 2.48347e-05
80 15 15 0.000772068 -0.00997733 1.9871e-05
85 15 15 0.000842274 -0.0115874 1.57591e-05
90 15 15 0.000891892 -0.0132555 1.29219e-05
95 15 15 0.000918024 -0.0149419 1.16953e-05
55 15 10 0.000113927 -0.00340806 7.61061e-05
60 15 10 0.00029446 -0.00448111 7.80158e-05
65 15 10 0.000447187 -0.00566173 7.07882e-05
70 15 10 0.000577471 -0.00698004 6.04447e-05
75 15 10 0.000686984 -0.0084143 4.98022e-05
80 15 10 0.000775967 -0.00994932 3.97327e-05
85 15 10 0.000846938 -0.0115664 3.12735e-05
90 15 10 0.000897288 -0.0132417 2.51695e-05
95 15 10 0.000923346 -0.0149335 2.2653e-05
55 15 5 0.000130314 -0.00333942 0.000127606
60 15 5 0.000302991 -0.00440233 0.00012367
65 15 5 0.000449374 -0.00558608 0.000108706
70 15 5 0.000577778 -0.00691132 9.30588e-05
75 15 5 0.00068715 -0.00835507 7.67466e-05
80 15 5 0.000777197 -0.00990134 6.11509e-05
85 15 5 0.000849997 -0.0115308 4.75269e-05
90 15 5 0.000902342 -0.0132184 3.79943e-05
95 15 5 0.000928812 -0.0149191 3.41846e-05
55 10 35 -0.00068765 -0.00337375 -1.30874e-05
60 10 35 -0.000715579 -0.00438156 -1.22722e-05
65 10 35 -0.000714946 -0.00556905 -7.72805e-06
70 10 35 -0.000714297 -0.00689345 -3.24964e-06
75 10 35 -0.000713156 -0.00834024 -7.19697e-07
80 10 35 -0.00071088 -0.00988791 4.41594e-07
85 10 35 -0.000705804 -0.011514 -2.02372e-06
90 10 35 -0.000686468 -0.0132073 -7.88241e-06
95 10 35 -0.000674016 -0.0149455 -1.57765e-05
55 10 30 -0.000697662 -0.0034391 -7.94817e-06
60 10 30 -0.000723015 -0.00445353 -8.53945e-06
65 10 30 -0.000718539 -0.00564098 -5.91548e-06
70 10 30 -0.000715923 -0.00695947 -2.8828e-06
75 10 30 -0.000714827 -0.00839774 -6.94175e-07
80 10 30 -0.000714047 -0.0099349 -1.47122e-07
85 10 30 -0.000710372 -0.0115495 -1.70692e-06
90 10 30 -0.0006942 -0.0132293 -5.55827e-06
95 10 30 -0.000684913 -0.0149519 -9.56625e-06
55 10 25 -0.000704477 -0.00347597 -3.34937e-06
60 10 25 -0.00072872 -0.00449439 -4.14997e-06
65 10 25 -0.000722158 -0.00568261 -3.18003e-06
70 10 25 -0.000718201 -0.00699858 -1.65894e-06
75 10 25 -0.00071674 -0.00843218 -5.26951e-07
80 10 25 -0.000716181 -0.00996336 -2.60608e-07
85 10 25 -0.000713218 -0.0115711 -1.17345e-06
90 10 25 -0.000697763 -0.0132443 -3.05183e-06
95 10 25 -0.000689758 -0.0149601 -5.85352e-06
55 10 20 -0.000706697 -0.00348764 -6.24584e-17
60 10 20 -0.000730715 -0.00450743 -7.5438e-17
65 10 20 -0.000723593 -0.00569601 -8.56272e-17
70 10 20 -0.000719172 -0.00701131 -9.93608e-17
75 10 20 -0.000717509 -0.00844348 -1.13994e-16
80 10 20 -0.00071696 -0.00997275 -1.25126e-16
85 10 20 -0.000714059 -0.0115784 -1.34868e-16
90 10 20 -0.000698836 -0.0132494 -1.46991e-16
95 10 20 -0.000690217 -0.0149639 -1.59026e-16
55 10 15 -0.000704477 -0.00347597 3.34937e-06
60 10 15 -0.00072872 -0.00449439 4.14997e-06
65 10 15 -0.000722158 -0.00568261 3.18003e-06
70 10 15 -0.000718201 -0.00699858 1.65894e-06
75 10 15 -0.00071674 -0.00843218 5.26951e-07
80 10 15 -0.000716181 -0.00996336 2.60608e-07
85 10 15 -0.000713218 -0.0115711 1.17345e-06
90 10 15 -0.000697763 -0.0132443 3.05183e-06
95 10 15 -0.000689758 -0.0149601 5.85352e-06
55 10 10 -0.000697662 -0.0034391 7.94817e-06
60 10 10 -0.000723015 -0.00445353 8.53945e-06
65 10 10 -0.000718539 -0.00564098 5.91548e-06
70 10 10 -0.000715923 -0.00695947 2.8828e-06
75 10 10 -0.000714827 -0.00839774 6.94175e-07
80 10 10 -0.000714047 -0.0099349 1.47122e-07
85 10 10 -0.000710372 -0.0115495 1.70692e-06
90 10 10 -0.0006942 -0.0132293 5.55827e-06
95 10 10 -0.000684913 -0.0149519 9.56625e-06
55 10 5 -0.00068765 -0.00337375 1.30874e-05
60 10 5 -0.000715579 -0.00438156 1.22722e-05
65 10 5 -0.000714946 -0.00556905 7.72805e-06
70 10 5 -0.000714297 -0.00689345 3.24964e-06
75 10 5 -0.000713156 -0.00834024 7.19697e-07
80 10 5 -0.00071088 -0.00988791 -4.41594e-07
85 10 5 -0.000705804 -0.011514 2.02372e-06
90 10 5 -0.000686468 -0.0132073 7.88241e-06
95 10 5 -0.000674016 -0.0149455 1.57765e-05
55 5 35 -0.00155567 -0.00342271 0.000105094
60 5 35 -0.00172267 -0.00441609 0.000100168
65 5 35 -0.0018744 -0.00558746 9.46957e-05
70 5 35 -0.00200286 -0.00690937 8.65944e-05
75 5 35 -0.00211201 -0.00835305 7.58085e-05
80 5 35 -0.00220091 -0.00989545 6.17575e-05
85 5 35 -0.00226891 -0.0115184 4.54778e-05
90 5 35 -0.00231859 -0.0131934 1.87665e-05
95 5 35 -0.0023112 -0.0149599 -3.34432e-06
55 5 30 -0.0015631 -0.00349645 6.40748e-05
60 5 30 -0.00172811 -0.0044922 6.19399e-05
65 5 30 -0.00187843 -0.005662 5.91936e-05
70 5 30 -0.00200593 -0.00697822 5.49342e-05
75 5 30 -0.00211544 -0.00841296 4.84831e-05
80 5 30 -0.00220534 -0.00994513 3.99238e-05
85 5 30 -0.00227577 -0.0115557 2.73191e-05
90 5 30 -0.00232388 -0.0132177 1.23467e-05
95 5 30 -0.00232412 -0.014967 -3.58486e-06
55 5 25 -0.00156867 -0.00353434 3.10898e-05
60 5 25 -0.00173205 -0.00453325 3.00044e-05
65 5 25 -0.0018806 -0.00570353 2.88125e-05
70 5 25 -0.00200687 -0.00701746 2.68912e-05
75 5 25 -0.00211582 -0.00844787 2.39375e-05
80 5 25 -0.00220602 -0.00997404 1.9429e-05
85 5 25 -0.00227549 -0.0115785 1.34572e-05
90 5 25 -0.00232439 -0.0132328 5.66309e-06
95 5 25 -0.00232183 -0.0149767 -1.44649e-06
55 5 20 -0.00157064 -0.00354606 -6.66609e-17
60 5 20 -0.00173345 -0.00454609 -7.65954e-17
65 5 20 -0.00188136 -0.00571677 -8.66648e-17
70 5 20 -0.00200708 -0.00703018 -9.96907e-17
75 5 20 -0.00211585 -0.00845923 -1.1579e-16
80 5 20 -0.00220566 -0.00998368 -1.28079e-16
85 5 20 -0.00227537 -0.0115858 -1.3553e-16
90 5 20 -0.00232318 -0.0132385 -1.47962e-16
95 5 20 -0.00232163 -0.0149801 -1.57675e-16
55 5 15 -0.00156867 -0.00353434 -3.10898e-05
60 5 15 -0.00173205 -0.00453325 -3.00044e-05
65 5 15 -0.0018806 -0.00570353 -2.88125e-05
70 5 15 -0.00200687 -0.00701746 -2.68912e-05
75 5 15 -0.00211582 -0.00844787 -2.39375e-05
80 5 15 -0.00220602 -0.00997404 -1.9429e-05
85 5 15 -0.00227549 -0.0115785 -1.34572e-05
90 5 15 -0.00232439 -0.0132328 -5.66309e-06
95 5 15 -0.00232183 -0.0149767 1.44649e-06
55 5 10 -0.0015631 -0.00349645 -6.40748e-05
60 5 10 -0.00172811 -0.0044922 -6.19399e-05
65 5 10 -0.00187843 -0.005662 -5.91936e-05
70 5 10 -0.00200593 -0.00697822 -5.49342e-05
75 5 10 -0.00211544 -0.00841296 -4.84831e-05
80 5 10 -0.00220534 -0.00994513 -3.99238e-05
85 5 10 -0.00227577 -0.0115557 -2.73191e-05
90 5 10 -0.00232388 -0.0132177 -1.23467e-05
95 5 10 -0.00232412 -0.014967 3.58486e-06
55 5 5 -0.00155567 -0.00342271 -0.000105094
60 5 5 -0.00172267 -0.00441609 -0.000100168
65 5 5 -0.0018744 -0.00558746 -9.46957e-05
70 5 5 -0.00200286 -0.00690937 -8.65944e-05
75 5 5 -0.00211201 -0.00835305 -7.58085e-05
80 5 5 -0.00220091 -0.00989545 -6.17575e-05
85 5 5 -0.00226891 -0.0115184 -4.54778e-05
90 5 5 -0.00231859 -0.0131934 -1.87665e-05
95 5 5 -0.0023112 -0.0149599 3.34432e-06
5 35 35 0.000110554 -6.88942e-05 -5.37974e-05
10 35 35 0.000259703 -0.000188885 -8.67943e-05
15 35 35 0.000387299 -0.000342059 -9.26171e-05
20 35 35 0.000504765 -0.000544096 -9.06782e-05
25 35 35 0.000610276 -0.000790047 -8.33465e-05
30 35 35 0.00070114 -0.00107384 -7.48996e-05
35 35 35 0.000773752 -0.00138212 -6.7418e-05
40 35 35 0.000819262 -0.00168666 -6.1781e-05
45 35 35 0.000843373 -0.00196078 -5.80678e-05
5 35 30 0.000110399 -7.84686e-05 -3.05425e-05
10 35 30 0.000250711 -0.000206942 -5.05789e-05
15 35 30 0.000382513 -0.000363595 -5.94958e-05
20 35 30 0.000502153 -0.000565524 -5.90918e-05
25 35 30 0.000608985 -0.000809379 -5.53659e-05
30 35 30 0.000699974 -0.00108936 -5.05974e-05
35 35 30 0.000772104 -0.00139311 -4.68091e-05
40 35 30 0.000816306 -0.00169282 -4.48511e-05
45 35 30 0.000841131 -0.00196306 -4.49237e-05
5 35 25 0.000109294 -8.30849e-05 -1.4167e-05
10 35 25 0.000249636 -0.000216586 -2.38862e-05
15 35 25 0.000379098 -0.000375658 -2.84523e-05
20 35 25 0.000499292 -0.000578239 -2.92244e-05
25 35 25 0.000606279 -0.000821376 -2.76338e-05
30 35 25 0.000697371 -0.00110008 -2.55988e-05
35 35 25 0.000769383 -0.00140236 -2.40771e-05
40 35 25 0.000813634 -0.00170097 -2.36242e-05
45 35 25 0.000838893 -0.00197149 -2.41126e-05
5 35 20 0.000109481 -8.44178e-05 8.30622e-20
10 35 20 0.000248972 -0.000219336 -1.02237e-18
15 35 20 0.000378411 -0.00037945 -3.05668e-18
20 35 20 0.000498058 -0.000582345 -6.27101e-18
25 35 20 0.000605172 -0.000825426 -9.95508e-18
30 35 20 0.000696228 -0.00110387 -1.42654e-17
35 35 20 0.000768304 -0.00140596 -1.86455e-17
40 35 20 0.000812633 -0.00170461 -2.44695e-17
45 35 20 0.000837985 -0.00197547 -2.98533e-17
5 35 15 0.000109294 -8.30849e-05 1.4167e-05
10 35 15 0.000249636 -0.000216586 2.38862e-05
15 35 15 0.000379098 -0.000375658 2.84523e-05
20 35 15 0.000499292 -0.000578239 2.92244e-05
25 35 15 0.000606279 -0.000821376 2.76338e-05
30 35 15 0.000697371 -0.00110008 2.55988e-05
35 35 15 0.000769383 -0.00140236 2.40771e-05
40 35 15 0.000813634 -0.00170097 2.36242e-05
45 35 15 0.000838893 -0.00197149 2.41126e-05
5 35 10 0.000110399 -7.84686e-05 3.05425e-05
10 35 10 0.000250711 -0.000206942 5.05789e-05
15 35 10 0.000382513 -0.000363595 5.94958e-05
20 35 10 0.000502153 -0.000565524 5.90918e-05
25 35 10 0.000608985 -0.000809379 5.53659e-05
30 35 10 0.000699974 -0.00108936 5.05974e-05
35 35 10 0.000772104 -0.00139311 4.68091e-05
40 35 10 0.000816306 -0.00169282 4.48511e-05
45 35 10 0.000841131 -0.00196306 4.49237e-05
5 35 5 0.000110554 -6.88942e-05 5.37974e-05
10 35 5 0.000259703 -0.000188885 8.67943e-05
15 35 5 0.000387299 -0.000342059 9.26171e-05
20 35 5 0.000504765 -0.000544096 9.06782e-05
25 35 5 0.000610276 -0.000790047 8.33465e-05
30 35 5 0.00070114 -0.00107384 7.48996e-05
35 35 5 0.000773752 -0.00138212 6.7418e-05
40 35 5 0.000819262 -0.00168666 6.1781e-05
45 35 5 0.000843373 -0.00196078 5.80678e-05
5 30 35 7.02372e-05 -4.47166e-05 -3.68955e-05
10 30 35 0.000160316 -0.000151602 -5.99354e-05
15 30 35 0.000249551 -0.000308351 -6.38e-05
20 30 35 0.000333262 -0.000509842 -6.27808e-05
25 30 35 0.000414113 -0.0007562 -6.01586e-05
30 30 35 0.000492349 -0.00104207 -5.92912e-05
35 30 35 0.000565445 -0.00135637 -6.3176e-05
40 30 35 0.000626552 -0.00168672 -7.09067e-05
45 30 35 0.000642183 -0.00197601 -8.02853e-05
5 30 30 7.05157e-05 -5.32352e-05 -2.07839e-05
10 30 30 0.000153485 -0.00016699 -3.49163e-05
15 30 30 0.000245108 -0.000328042 -4.11341e-05
20 30 30 0.000330806 -0.000530717 -4.13223e-05
25 30 30 0.000412255 -0.000776071 -4.03404e-05
30 30 30 0.00048999 -0.0010595 -4.05215e-05
35 30 30 0.000562319 -0.00137054 -4.34972e-05
40 30 30 0.000621275 -0.00169892 -4.98238e-05
45 30 30 0.00063387 -0.00198728 -5.80832e-05
5 30 25 6.96675e-05 -5.75334e-05 -9.53328e-06
10 30 25 0.000152215 -0.000175107 -1.62546e-05
15 30 25 0.000242252 -0.000338851 -1.95565e-05
20 30 25 0.000328441 -0.000542797 -2.04219e-05
25 30 25 0.000410223 -0.000788231 -2.01951e-05
30 30 25 0.000488148 -0.00107111 -2.05214e-05
35 30 25 0.000560266 -0.00138164 -2.22722e-05
40 30 25 0.000619022 -0.00171047 -2.57318e-05
45 30 25 0.000630732 -0.00200058 -2.99353e-05
5 30 20 6.97259e-05 -5.87976e-05 -3.8858e-19
10 30 20 0.000151575 -0.000177655 -1.84289e-18
15 30 20 0.000241628 -0.000342319 -4.18476e-18
20 30 20 0.000327491 -0.000546734 -7.3605e-18
25 30 20 0.000409448 -0.000792327 -1.11781e-17
30 30 20 0.000487423 -0.00107519 -1.61469e-17
35 30 20 0.00055964 -0.00138578 -2.16835e-17
40 30 20 0.000618406 -0.00171504 -2.71663e-17
45 30 20 0.000629729 -0.00200592 -3.28259e-17
5 30 15 6.96675e-05 -5.75334e-05 9.53328e-06
10 30 15 0.000152215 -0.000175107 1.62546e-05
15 30 15 0.000242252 -0.000338851 1.95565e-05
20 30 15 0.000328441 -0.000542797 2.04219e-05
25 30 15 0.000410223 -0.000788231 2.01951e-05
30 30 15 0.000488148 -0.00107111 2.05214e-05
35 30 15 0.000560266 -0.00138164 2.22722e-05
40 30 15 0.000619022 -0.00171047 2.57318e-05
45 30 15 0.000630732 -0.00200058 2.99353e-05
5 30 10 7.05157e-05 -5.32352e-05 2.07839e-05
10 30 10 0.000153485 -0.00016699 3.49163e-05
15 30 10 0.000245108 -0.000328042 4.11341e-05
20 30 10 0.000330806 -0.000530717 4.13223e-05
25 30 10 0.000412255 -0.000776071 4.03404e-05
30 30 10 0.00048999 -0.0010595 4.05215e-05
35 30 10 0.000562319 -0.00137054 4.34972e-05
40 30 10 0.000621275 -0.00169892 4.98238e-05
45 30 10 0.00063387 -0.00198728 5.80832e-05
5 30 5 7.02372e-05 -4.47166e-05 3.68955e-05
10 30 5 0.000160316 -0.000151602 5.99354e-05
15 30 5 0.000249551 -0.000308351 6.38e-05
20 30 5 0.000333262 -0.000509842 6.27808e-05
25 30 5 0.000414113 -0.0007562 6.01586e-05
30 30 5 0.000492349 -0.00104207 5.92912e-05
35 30 5 0.000565445 -0.00135637 6.3176e-05
40 30 5 0.000626552 -0.00168672 7.09067e-05
45 30 5 0.000642183 -0.00197601 8.02853e-05
5 25 35 3.35507e-05 -3.27221e-05 -1.79652e-05
10 25 35 7.90915e-05 -0.000130176 -2.93633e-05
15 25 35 0.000125842 -0.000281186 -3.12673e-05
20 25 35 0.000175968 -0.000479421 -3.149e-05
25 25 35 0.000230804 -0.000720999 -3.29553e-05
30 25 35 0.000293667 -0.00100257 -3.905e-05
35 25 35 0.000366185 -0.00132099 -5.2819e-05
40 25 35 0.000447232 -0.00166333 -7.74144e-05
45 25 35 0.000523899 -0.00203205 -0.000109084
5 25 30 3.36771e-05 -4.16535e-05 -1.03854e-05
10 25 30 7.57907e-05 -0.000145654 -1.73367e-05
15 25 30 0.000123216 -0.000301191 -2.04978e-05
20 25 30 0.000173726 -0.000501542 -2.121e-05
25 25 30 0.000228008 -0.000743259 -2.27387e-05
30 25 30 0.000289356 -0.00102367 -2.72529e-05
35 25 30 0.000360013 -0.00134039 -3.69314e-05
40 25 30 0.000440277 -0.00168163 -5.227e-05
45 25 30 0.000514638 -0.00205685 -7.1649e-05
5 25 25 3.32676e-05 -4.56232e-05 -4.74549e-06
10 25 25 7.50746e-05 -0.00015324 -8.10554e-06
15 25 25 0.000121516 -0.000311495 -9.81503e-06
20 25 25 0.000172067 -0.000513659 -1.0606e-05
25 25 25 0.0002263 -0.000756186 -1.15599e-05
30 25 25 0.000287533 -0.00103679 -1.40364e-05
35 25 25 0.000358274 -0.00135396 -1.88682e-05
40 25 25 0.000438271 -0.00169683 -2.62337e-05
45 25 25 0.000511697 -0.00207604 -3.53321e-05
5 25 20 3.32893e-05 -4.68364e-05 -6.43004e-19
10 25 20 7.47323e-05 -0.000155577 -2.39161e-18
15 25 20 0.000121103 -0.000314773 -5.22578e-18
20 25 20 0.000171463 -0.000517573 -8.56551e-18
25 25 20 0.000225745 -0.000760468 -1.27593e-17
30 25 20 0.00028707 -0.0010413 -1.77901e-17
35 25 20 0.000357887 -0.00135879 -2.37126e-17
40 25 20 0.000437931 -0.00170231 -2.96891e-17
45 25 20 0.000511203 -0.00208289 -3.57295e-17
5 25 15 3.32676e-05 -4.56232e-05 4.74549e-06
10 25 15 7.50746e-05 -0.00015324 8.10554e-06
15 25 15 0.000121516 -0.000311495 9.81503e-06
20 25 15 0.000172067 -0.000513659 1.0606e-05
25 25 15 0.0002263 -0.000756186 1.15599e-05
30 25 15 0.000287533 -0.00103679 1.40364e-05
35 25 15 0.000358274 -0.00135396 1.88682e-05
40 25 15 0.000438271 -0.00169683 2.62337e-05
45 25 15 0.000511697 -0.00207604 3.53321e-05
5 25 10 3.36771e-05 -4.16535e-05 1.03854e-05
10 25 10 7.57907e-05 -0.000145654 1.73367e-05
15 25 10 0.000123216 -0.000301191 2.04978e-05
20 25 10 0.000173726 -0.000501542 2.121e-05
25 25 10 0.000228008 -0.000743259 2.27387e-05
30 25 10 0.000289356 -0.00102367 2.72529e-05
35 25 10 0.000360013 -0.00134039 3.69314e-05
40 25 10 0.000440277 -0.00168163 5.227e-05
45 25 10 0.000514638 -0.00205685 7.1649e-05
5 25 5 3.35507e-05 -3.27221e-05 1.79652e-05
10 25 5 7.90915e-05 -0.000130176 2.93633e-05
15 25 5 0.000125842 -0.000281186 3.12673e-05
20 25 5 0.000175968 -0.000479421 3.149e-05
25 25 5 0.000230804 -0.000720999 3.29553e-05
30 25 5 0.000293667 -0.00100257 3.905e-05
35 25 5 0.000366185 -0.00132099 5.2819e-05
40 25 5 0.000447232 -0.00166333 7.74144e-05
45 25 5 0.000523899 -0.00203205 0.000109084
5 20 35 -1.97776e-07 -2.7588e-05 1.06516e-06
10 20 35 1.30822e-06 -0.000119516 2.40464e-06
15 20 35 6.57561e-06 -0.000264805 3.17154e-06
20 20 35 1.81562e-05 -0.000455846 2.52717e-06
25 20 35 3.98006e-05 -0.000688597 -1.26147e-06
30 20 35 7.60801e-05 -0.000961118 -1.11574e-05
35 20 35 0.000133442 -0.00127172 -3.01931e-05
40 20 35 0.000216262 -0.00162385 -6.46665e-05
45 20 35 0.000349961 -0.00200463 -0.000112843
5 20 30 -2.87457e-08 -3.67775e-05 6.00887e-07
10 20 30 1.62677e-06 -0.000135497 1.38048e-06
15 20 30 6.42533e-06 -0.000285657 1.8736e-06
20 20 30 1.69294e-05 -0.000479649 1.28777e-06
25 20 30 3.67634e-05 -0.000713807 -1.63233e-06
30 20 30 7.07364e-05 -0.000986873 -8.60153e-06
35 20 30 0.000125359 -0.00129778 -2.21246e-05
40 20 30 0.000208011 -0.00165137 -4.31365e-05
45 20 30 0.000341135 -0.00203641 -6.93789e-05
5 20 25 4.2312e-08 -4.08734e-05 2.77249e-07
10 20 25 1.6264e-06 -0.000143277 6.33671e-07
15 20 25 6.22076e-06 -0.000296405 8.42053e-07
20 20 25 1.62507e-05 -0.000492631 4.82618e-07
25 20 25 3.55045e-05 -0.000728174 -1.079e-06
30 20 25 6.89092e-05 -0.00100213 -4.77314e-06
35 20 25 0.000123732 -0.00131392 -1.13782e-05
40 20 25 0.000206276 -0.00166945 -2.10014e-05
45 20 25 0.000338816 -0.00205814 -3.27821e-05
5 20 20 4.88386e-08 -4.20551e-05 -8.74879e-19
10 20 20 1.61417e-06 -0.000145619 -2.86844e-18
15 20 20 6.12564e-06 -0.000299748 -5.85689e-18
20 20 20 1.6048e-05 -0.000496736 -9.55942e-18
25 20 20 3.51584e-05 -0.000732833 -1.4072e-17
30 20 20 6.85998e-05 -0.00100717 -1.93048e-17
35 20 20 0.000123457 -0.00131939 -2.51225e-17
40 20 20 0.000206053 -0.00167567 -3.15537e-17
45 20 20 0.000338506 -0.00206531 -3.85135e-17
5 20 15 4.2312e-08 -4.08734e-05 -2.77249e-07
10 20 15 1.6264e-06 -0.000143277 -6.33671e-07
15 20 15 6.22076e-06 -0.000296405 -8.42053e-07
20 20 15 1.62507e-05 -0.000492631 -4.82618e-07
25 20 15 3.55045e-05 -0.000728174 1.079e-06
30 20 15 6.89092e-05 -0.00100213 4.77314e-06
35 20 15 0.000123732 -0.00131392 1.13782e-05
40 20 15 0.000206276 -0.00166945 2.10014e-05
45 20 15 0.000338816 -0.00205814 3.27821e-05
5 20 10 -2.87457e-08 -3.67775e-05 -6.00887e-07
10 20 10 1.62677e-06 -0.000135497 -1.38048e-06
15 20 10 6.42533e-06 -0.000285657 -1.8736e-06
20 20 10 1.69294e-05 -0.000479649 -1.28777e-06
25 20 10 3.67634e-05 -0.000713807 1.63233e-06
30 20 10 7.07364e-05 -0.000986873 8.60153e-06
35 20 10 0.000125359 -0.00129778 2.21246e-05
40 20 10 0.000208011 -0.00165137 4.31365e-05
45 20 10 0.000341135 -0.00203641 6.93789e-05
5 20 5 -1.97776e-07 -2.7588e-05 -1.06516e-06
10 20 5 1.30822e-06 -0.000119516 -2.40464e-06
15 20 5 6.57561e-06 -0.000264805 -3.17154e-06
20 20 5 1.81562e-05 -0.000455846 -2.52717e-06
25 20 5 3.98006e-05 -0.000688597 1.26147e-06
30 20 5 7.60801e-05 -0.000961118 1.11574e-05
35 20 5 0.000133442 -0.00127172 3.01931e-05
40 20 5 0.000216262 -0.00162385 6.46665e-05
45 20 5 0.000349961 -0.00200463 0.000112843
5 15 35 -3.43724e-05 -2.88713e-05 2.00872e-05
10 15 35 -7.81491e-05 -0.000120134 3.44129e-05
15 15 35 -0.000117204 -0.000261139 3.85532e-05
20 15 35 -0.000149626 -0.00044466 3.89308e-05
25 15 35 -0.000171003 -0.000666807 3.52476e-05
30 15 35 -0.000177034 -0.000926781 2.59413e-05
35 15 35 -0.000162458 -0.00122681 7.60821e-06
40 15 35 -0.000118101 -0.00157175 -2.40703e-05
45 15 35 -3.94015e-05 -0.00197155 -6.81566e-05
5 15 30 -3.40619e-05 -3.82159e-05 1.16172e-05
10 15 30 -7.39894e-05 -0.000136599 2.03413e-05
15 15 30 -0.000114469 -0.00028312 2.49917e-05
20 15 30 -0.000149178 -0.000470362 2.54892e-05
25 15 30 -0.000173205 -0.000695075 2.29217e-05
30 15 30 -0.000182058 -0.000957251 1.62072e-05
35 15 30 -0.000170094 -0.00125993 3.53683e-06
40 15 30 -0.000126585 -0.00160805 -1.6095e-05
45 15 30 -4.92508e-05 -0.00201231 -4.03168e-05
5 15 25 -3.3478e-05 -4.2506e-05 5.34821e-06
10 15 25 -7.32023e-05 -0.000144873 9.54647e-06
15 15 25 -0.000113074 -0.000294665 1.19364e-05
20 15 25 -0.000148725 -0.000484528 1.25086e-05
25 15 25 -0.000173892 -0.000711091 1.11725e-05
30 15 25 -0.00018369 -0.000974688 7.6648e-06
35 15 25 -0.00017201 -0.00127868 1.38088e-06
40 15 25 -0.000128651 -0.00162831 -7.66832e-06
45 15 25 -5.25893e-05 -0.00203542 -1.84751e-05
5 15 20 -3.34805e-05 -4.38235e-05 -1.01408e-18
10 15 20 -7.28762e-05 -0.000147437 -3.16123e-18
15 15 20 -0.00011284 -0.000298346 -6.37371e-18
20 15 20 -0.000148535 -0.000489081 -1.02036e-17
25 15 20 -0.000174034 -0.000716312 -1.50361e-17
30 15 20 -0.000183987 -0.000980393 -2.07797e-17
35 15 20 -0.000172358 -0.00128482 -2.67983e-17
40 15 20 -0.00012906 -0.00163506 -3.41892e-17
45 15 20 -5.3424e-05 -0.00204313 -4.13027e-17
5 15 15 -3.3478e-05 -4.2506e-05 -5.34821e-06
10 15 15 -7.32023e-05 -0.000144873 -9.54647e-06
15 15 15 -0.000113074 -0.000294665 -1.19364e-05
20 15 15 -0.000148725 -0.000484528 -1.25086e-05
25 15 15 -0.000173892 -0.000711091 -1.11725e-05
30 15 15 -0.00018369 -0.000974688 -7.6648e-06
35 15 15 -0.00017201 -0.00127868 -1.38088e-06
40 15 15 -0.000128651 -0.00162831 7.66832e-06
45 15 15 -5.25893e-05 -0.00203542 1.84751e-05
5 15 10 -3.40619e-05 -3.82159e-05 -1.16172e-05
10 15 10 -7.39894e-05 -0.000136599 -2.03413e-05
15 15 10 -0.000114469 -0.00028312 -2.49917e-05
20 15 10 -0.000149178 -0.000470362 -2.54892e-05
25 15 10 -0.000173205 -0.000695075 -2.29217e-05
30 15 10 -0.000182058 -0.000957251 -1.62072e-05
35 15 10 -0.000170094 -0.00125993 -3.53683e-06
40 15 10 -0.000126585 -0.00160805 1.6095e-05
45 15 10 -4.92508e-05 -0.00201231 4.03168e-05
5 15 5 -3.43724e-05 -2.88713e-05 -2.00872e-05
10 15 5 -7.81491e-05 -0.000120134 -3.44129e-05
15 15 5 -0.000117204 -0.000261139 -3.85532e-05
20 15 5 -0.000149626 -0.00044466 -3.89308e-05
25 15 5 -0.000171003 -0.000666807 -3.52476e-05
30 15 5 -0.000177034 -0.000926781 -2.59413e-05
35 15 5 -0.000162458 -0.00122681 -7.60821e-06
40 15 5 -0.000118101 -0.00157175 2.40703e-05
45 15 5 -3.94015e-05 -0.00197155 6.81566e-05
5 10 35 -7.1559e-05 -3.85502e-05 3.88902e-05
10 10 35 -0.000162449 -0.000134702 6.5543e-05
15 10 35 -0.000250394 -0.000274188 7.35325e-05
20 10 35 -0.000329984 -0.000450458 7.64378e-05
25 10 35 -0.000402149 -0.000663791 7.54126e-05
30 10 35 -0.000465316 -0.00091336 7.05252e-05
35 10 35 -0.00051746 -0.00120383 5.97036e-05
40 10 35 -0.000558798 -0.0015476 4.13034e-05
45 10 35 -0.000600432 -0.00198111 1.80161e-05
5 10 30 -7.11571e-05 -4.77848e-05 2.21668e-05
10 10 30 -0.000154272 -0.000151794 3.86692e-05
15 10 30 -0.000244896 -0.000297379 4.77398e-05
20 10 30 -0.000327755 -0.000477788 5.03184e-05
25 10 30 -0.000402908 -0.000694485 4.97888e-05
30 10 30 -0.000468941 -0.000947607 4.59956e-05
35 10 30 -0.000523362 -0.00124223 3.82168e-05
40 10 30 -0.000566608 -0.00159077 2.60995e-05
45 10 30 -0.00061048 -0.00202995 1.14316e-05
5 10 25 -7.00874e-05 -5.25433e-05 1.02977e-05
10 10 25 -0.000152828 -0.000161009 1.82092e-05
15 10 25 -0.000242219 -0.000310303 2.29218e-05
20 10 25 -0.000326458 -0.000493485 2.49223e-05
25 10 25 -0.000403213 -0.000712288 2.46794e-05
30 10 25 -0.000470629 -0.000967242 2.26955e-05
35 10 25 -0.000525977 -0.00126364 1.87175e-05
40 10 25 -0.00057 -0.00161413 1.28267e-05
45 10 25 -0.000615087 -0.00205626 6.01115e-06
5 10 20 -7.01237e-05 -5.39575e-05 -1.16492e-18
10 10 20 -0.000152214 -0.000163922 -3.53449e-18
15 10 20 -0.000241806 -0.000314454 -6.92687e-18
20 10 20 -0.000326023 -0.000498549 -1.09989e-17
25 10 20 -0.000403314 -0.00071806 -1.61029e-17
30 10 20 -0.00047112 -0.000973559 -2.18873e-17
35 10 20 -0.000526733 -0.00127044 -2.85675e-17
40 10 20 -0.000570993 -0.00162147 -3.63055e-17
45 10 20 -0.00061655 -0.00206454 -4.37975e-17
5 10 15 -7.00874e-05 -5.25433e-05 -1.02977e-05
10 10 15 -0.000152828 -0.000161009 -1.82092e-05
15 10 15 -0.000242219 -0.000310303 -2.29218e-05
20 10 15 -0.000326458 -0.000493485 -2.49223e-05
25 10 15 -0.000403213 -0.000712288 -2.46794e-05
30 10 15 -0.000470629 -0.000967242 -2.26955e-05
35 10 15 -0.000525977 -0.00126364 -1.87175e-05
40 10 15 -0.00057 -0.00161413 -1.28267e-05
45 10 15 -0.000615087 -0.00205626 -6.01115e-06
5 10 10 -7.11571e-05 -4.77848e-05 -2.21668e-05
10 10 10 -0.000154272 -0.000151794 -3.86692e-05
15 10 10 -0.000244896 -0.000297379 -4.77398e-05
20 10 10 -0.000327755 -0.000477788 -5.03184e-05
25 10 10 -0.000402908 -0.000694485 -4.97888e-05
30 10 10 -0.000468941 -0.000947607 -4.59956e-05
35 10 10 -0.000523362 -0.00124223 -3.82168e-05
40 10 10 -0.000566608 -0.00159077 -2.60995e-05
45 10 10 -0.00061048 -0.00202995 -1.14316e-05
5 10 5 -7.1559e-05 -3.85502e-05 -3.88902e-05
10 10 5 -0.000162449 -0.000134702 -6.5543e-05
15 10 5 -0.000250394 -0.000274188 -7.35325e-05
20 10 5 -0.000329984 -0.000450458 -7.64378e-05
25 10 5 -0.000402149 -0.000663791 -7.54126e-05
30 10 5 -0.000465316 -0.00091336 -7.05252e-05
35 10 5 -0.00051746 -0.00120383 -5.97036e-05
40 10 5 -0.000558798 -0.0015476 -4.13034e-05
45 10 5 -0.000600432 -0.00198111 -1.80161e-05
5 5 35 -0.000110779 -6.23295e-05 5.57727e-05
10 5 35 -0.000260861 -0.000169296 9.33374e-05
15 5 35 -0.000392251 -0.000302523 0.000105879
20 5 35 -0.000518859 -0.000475639 0.00011279
25 5 35 -0.000643064 -0.000684046 0.000115834
30 5 35 -0.000768452 -0.000928911 0.000117532
35 5 35 -0.000899192 -0.00121659 0.000117562
40 5 35 -0.00104175 -0.00156758 0.000115683
45 5 35 -0.00120182 -0.00202207 0.000112484
5 5 30 -0.00010981 -7.24366e-05 3.22854e-05
10 5 30 -0.000250316 -0.000189032 5.55531e-05
15 5 30 -0.000385947 -0.000328049 6.92242e-05
20 5 30 -0.000515674 -0.000504901 7.47701e-05
25 5 30 -0.000643187 -0.000717076 7.74443e-05
30 5 30 -0.000771405 -0.000966309 7.81275e-05
35 5 30 -0.000904665 -0.00125957 7.72295e-05
40 5 30 -0.00104938 -0.00161749 7.46237e-05
45 5 30 -0.00121089 -0.0020804 7.08436e-05
5 5 25 -0.000108552 -7.74055e-05 1.5197e-05
10 5 25 -0.000249236 -0.000199805 2.66076e-05
15 5 25 -0.0003831 -0.000342557 3.36085e-05
20 5 25 -0.000514564 -0.000522058 3.73494e-05
25 5 25 -0.000643923 -0.000736263 3.87753e-05
30 5 25 -0.000774142 -0.000987574 3.90688e-05
35 5 25 -0.000909047 -0.00128306 3.83592e-05
40 5 25 -0.00105501 -0.00164366 3.67693e-05
45 5 25 -0.00121722 -0.00210995 3.46411e-05
5 5 20 -0.00010875 -7.88827e-05 -1.32772e-18
10 5 20 -0.000248712 -0.000202964 -3.85481e-18
15 5 20 -0.000382841 -0.000347179 -7.23197e-18
20 5 20 -0.000514223 -0.000527597 -1.13876e-17
25 5 20 -0.000644315 -0.000742498 -1.6801e-17
30 5 20 -0.000775142 -0.00099438 -2.29661e-17
35 5 20 -0.000910611 -0.00129043 -2.97035e-17
40 5 20 -0.00105697 -0.00165165 -3.72342e-17
45 5 20 -0.00121943 -0.00211885 -4.65972e-17
5 5 15 -0.000108552 -7.74055e-05 -1.5197e-05
10 5 15 -0.000249236 -0.000199805 -2.66076e-05
15 5 15 -0.0003831 -0.000342557 -3.36085e-05
20 5 15 -0.000514564 -0.000522058 -3.73494e-05
25 5 15 -0.000643923 -0.000736263 -3.87753e-05
30 5 15 -0.000774142 -0.000987574 -3.90688e-05
35 5 15 -0.000909047 -0.00128306 -3.83592e-05
40 5 15 -0.00105501 -0.00164366 -3.67693e-05
45 5 15 -0.00121722 -0.00210995 -3.46411e-05
5 5 10 -0.00010981 -7.24366e-05 -3.22854e-05
10 5 10 -0.000250316 -0.000189032 -5.55531e-05
15 5 10 -0.000385947 -0.000328049 -6.92242e-05
20 5 10 -0.000515674 -0.000504901 -7.47701e-05
25 5 10 -0.000643187 -0.000717076 -7.74443e-05
30 5 10 -0.000771405 -0.000966309 -7.81275e-05
35 5 10 -0.000904665 -0.00125957 -7.72295e-05
40 5 10 -0.00104938 -0.00161749 -7.46237e-05
45 5 10 -0.00121089 -0.0020804 -7.08436e-05
5 5 5 -0.000110779 -6.23295e-05 -5.57727e-05
10 5 5 -0.000260861 -0.000169296 -9.33374e-05
15 5 5 -0.000392251 -0.000302523 -0.000105879
20 5 5 -0.000518859 -0.000475639 -0.00011279
25 5 5 -0.000643064 -0.000684046 -0.000115834
30 5 5 -0.000768452 -0.000928911 -0.000117532
35 5 5 -0.000899192 -0.00121659 -0.000117562
40 5 5 -0.00104175 -0.00156758 -0.000115683
45 5 5 -0.00120182 -0.00202207 -0.000112484
