50 20 40 12.6704
100 20 40 0.855167
100 20 0 0.855167
50 20 0 12.6704
100 0 40 28.3432
100 0 0 28.3432
50 0 0 13.4465
50 0 40 13.4465
0 40 40 8.73491
50 40 40 0.429615
50 40 0 0.429615
0 40 0 8.73491
0 0 0 8.58688
0 0 40 8.58688
55 20 40 15.7233
60 20 40 11.9629
65 20 40 10.9814
70 20 40 9.57866
75 20 40 8.21418
80 20 40 6.68728
85 20 40 5.01166
90 20 40 3.12751
95 20 40 1.45986
100 20 35 0.645755
100 20 30 0.811845
100 20 25 0.951602
100 20 20 1.00104
100 20 15 0.951602
100 20 10 0.811845
100 20 5 0.645755
95 20 0 1.45986
90 20 0 3.12751
85 20 0 5.01166
80 20 0 6.68728
75 20 0 8.21418
70 20 0 9.57866
65 20 0 10.9814
60 20 0 11.9629
55 20 0 15.7233
50 20 5 13.4723
50 20 10 13.7606
50 20 15 13.6274
50 20 20 13.5891
50 20 25 13.6274
50 20 30 13.7606
50 20 35 13.4723
95 0 40 8.61241
90 0 40 5.45711
85 0 40 4.96482
80 0 40 6.58904
75 0 40 8.06745
70 0 40 9.76066
65 0 40 11.425
60 0 40 12.856
55 0 40 13.6512
100 0 5 11.7353
100 0 10 12.349
100 0 15 11.6511
100 0 20 11.7361
100 0 25 11.6511
100 0 30 12.349
100 0 35 11.7353
55 0 0 13.6512
60 0 0 12.856
65 0 0 11.425
70 0 0 9.76066
75 0 0 8.06745
80 0 0 6.58904
85 0 0 4.96482
90 0 0 5.45711
95 0 0 8.61241
50 0 35 13.4005
50 0 30 13.3394
50 0 25 13.2195
50 0 20 13.1666
50 0 15 13.2195
50 0 10 13.3394
50 0 5 13.4005
50 5 0 7.83866
50 10 0 3.25507
50 15 0 3.95989
50 15 40 3.95989
50 10 40 3.25507
50 5 40 7.83866
100 5 0 12.5762
100 10 0 4.72599
100 15 0 1.49247
100 15 40 1.49247
100 10 40 4.72599
100 5 40 12.5762
5 40 40 8.45259
10 40 40 6.59233
15 40 40 6.47954
20 40 40 5.93446
25 40 40 5.21515
30 40 40 4.14258
35 40 40 2.82862
40 40 40 1.51144
45 40 40 0.826401
50 40 35 0.250818
50 40 30 0.552389
50 40 25 0.899478
50 40 20 1.04789
50 40 15 0.899478
50 40 10 0.552389
50 40 5 0.250818
45 40 0 0.826401
40 40 0 1.51144
35 40 0 2.82862
30 40 0 4.14258
25 40 0 5.21515
20 40 0 5.93446
15 40 0 6.47954
10 40 0 6.59233
5 40 0 8.45259
0 40 5 7.51551
0 40 10 7.68152
0 40 15 7.75508
0 40 20 7.79987
0 40 25 7.75508
0 40 30 7.68152
0 40 35 7.51551
45 0 40 12.2298
40 0 40 10.4898
35 0 40 8.80976
30 0 40 7.62187
25 0 40 7.00104
20 0 40 6.74086
15 0 40 6.77756
10 0 40 6.65303
5 0 40 8.36851
5 0 0 8.36851
10 0 0 6.65303
15 0 0 6.77756
20 0 0 6.74086
25 0 0 7.00104
30 0 0 7.62187
35 0 0 8.80976
40 0 0 10.4898
45 0 0 12.2298
0 0 35 7.25927
0 0 30 7.39242
0 0 25 7.46371
0 0 20 7.51
0 0 15 7.46371
0 0 10 7.39242
0 0 5 7.25927
0 35 0 5.63545
0 30 0 3.58621
0 25 0 1.72518
0 20 0 0.15629
0 15 0 1.85512
0 10 0 3.71781
0 5 0 5.70602
0 5 40 5.70602
0 10 40 3.71781
0 15 40 1.85512
0 20 40 0.15629
0 25 40 1.72518
0 30 40 3.58621
0 35 40 5.63545
50 25 0 6.72936
50 30 0 1.99961
50 35 0 0.963238
50 35 40 0.963238
50 30 40 1.99961
50 25 40 6.72936
55 20 35 16.5503
60 20 35 12.3417
65 20 35 10.9778
70 20 35 9.53611
75 20 35 8.08485
80 20 35 6.49453
85 20 35 4.70662
90 20 35 2.76267
95 20 35 1.20587
55 20 30 16.7345
60 20 30 12.5403
65 20 30 11.1014
70 20 30 9.58463
75 20 30 8.06419
80 20 30 6.43305
85 20 30 4.6423
90 20 30 2.74886
95 20 30 1.29295
55 20 25 16.6132
60 20 25 12.4302
65 20 25 11.0759
70 20 25 9.54167
75 20 25 7.99583
80 20 25 6.35182
85 20 25 4.57841
90 20 25 2.73227
95 20 25 1.33505
55 20 20 16.5608
60 20 20 12.366
65 20 20 11.0427
70 20 20 9.51658
75 20 20 7.96523
80 20 20 6.32009
85 20 20 4.55276
90 20 20 2.714
95 20 20 1.33549
55 20 15 16.6132
60 20 15 12.4302
65 20 15 11.0759
70 20 15 9.54167
75 20 15 7.99583
80 20 15 6.35182
85 20 15 4.57841
90 20 15 2.73227
95 20 15 1.33505
55 20 10 16.7345
60 20 10 12.5403
65 20 10 11.1014
70 20 10 9.58463
75 20 10 8.06419
80 20 10 6.43305
85 20 10 4.6423
90 20 10 2.74886
95 20 10 1.29295
55 20 5 16.5503
60 20 5 12.3417
65 20 5 10.9778
70 20 5 9.53611
75 20 5 8.08485
80 20 5 6.49453
85 20 5 4.70662
90 20 5 2.76267
95 20 5 1.20587
55 0 35 13.6035
60 0 35 12.798
65 0 35 11.3807
70 0 35 9.70898
75 0 35 8.05844
80 0 35 6.51623
85 0 35 5.24681
90 0 35 4.71397
95 0 35 4.09662
55 0 30 13.4989
60 0 30 12.7038
65 0 30 11.3137
70 0 30 9.69752
75 0 30 8.09394
80 0 30 6.5784
85 0 30 5.20177
90 0 30 4.42973
95 0 30 4.11213
55 0 25 13.3331
60 0 25 12.5234
65 0 25 11.1641
70 0 25 9.59541
75 0 25 8.02922
80 0 25 6.5127
85 0 25 5.06136
90 0 25 4.24827
95 0 25 4.12668
55 0 20 13.2634
60 0 20 12.4512
65 0 20 11.1006
70 0 20 9.54685
75 0 20 7.99369
80 0 20 6.47234
85 0 20 5.01004
90 0 20 4.21085
95 0 20 4.18606
55 0 15 13.3331
60 0 15 12.5234
65 0 15 11.1641
70 0 15 9.59541
75 0 15 8.02922
80 0 15 6.5127
85 0 15 5.06136
90 0 15 4.24827
95 0 15 4.12668
55 0 10 13.4989
60 0 10 12.7038
65 0 10 11.3137
70 0 10 9.69752
75 0 10 8.09394
80 0 10 6.5784
85 0 10 5.20177
90 0 10 4.42973
95 0 10 4.11213
55 0 5 13.6035
60 0 5 12.798
65 0 5 11.3807
70 0 5 9.70898
75 0 5 8.05844
80 0 5 6.51623
85 0 5 5.24681
90 0 5 4.71397
95 0 5 4.09662
50 15 35 4.70957
50 15 30 4.5794
50 15 25 4.43273
50 15 20 4.38515
50 15 15 4.43273
50 15 10 4.5794
50 15 5 4.70957
50 10 35 2.88097
50 10 30 3.06646
50 10 25 3.10598
50 10 20 3.11293
50 10 15 3.10598
50 10 10 3.06646
50 10 5 2.88097
50 5 35 7.63324
50 5 30 7.65307
50 5 25 7.63138
50 5 20 7.62529
50 5 15 7.63138
50 5 10 7.65307
50 5 5 7.63324
100 15 35 1.28692
100 15 30 1.20256
100 15 25 1.18573
100 15 20 1.20586
100 15 15 1.18573
100 15 10 1.20256
100 15 5 1.28692
100 10 35 3.82464
100 10 30 2.95062
100 10 25 2.89987
100 10 20 2.91856
100 10 15 2.89987
100 10 10 2.95062
100 10 5 3.82464
100 5 35 6.07293
100 5 30 6.29426
100 5 25 6.21356
100 5 20 6.15239
100 5 15 6.21356
100 5 10 6.29426
100 5 5 6.07293
55 15 40 5.59023
60 15 40 6.7266
65 15 40 6.21994
70 15 40 5.62759
75 15 40 5.02444
80 15 40 4.5117
85 15 40 4.13169
90 15 40 3.58707
95 15 40 2.36038
55 10 40 2.97153
60 10 40 2.97465
65 10 40 3.29613
70 10 40 3.43495
75 10 40 3.57133
80 10 40 3.61913
85 10 40 3.79881
90 10 40 4.10905
95 10 40 3.75652
55 5 40 7.68318
60 5 40 7.14646
65 5 40 6.37975
70 5 40 5.63024
75 5 40 4.87755
80 5 40 4.15268
85 5 40 3.23533
90 5 40 3.10807
95 5 40 2.83615
55 15 0 5.59023
60 15 0 6.7266
65 15 0 6.21994
70 15 0 5.62759
75 15 0 5.02444
80 15 0 4.5117
85 15 0 4.13169
90 15 0 3.58707
95 15 0 2.36038
55 10 0 2.97153
60 10 0 2.97465
65 10 0 3.29613
70 10 0 3.43495
75 10 0 3.57133
80 10 0 3.61913
85 10 0 3.79881
90 10 0 4.10905
95 10 0 3.75652
55 5 0 7.68318
60 5 0 7.14646
65 5 0 6.37975
70 5 0 5.63024
75 5 0 4.87755
80 5 0 4.15268
85 5 0 3.23533
90 5 0 3.10807
95 5 0 2.83615
5 40 35 8.05745
10 40 35 7.16442
15 40 35 6.72455
20 40 35 6.08908
25 40 35 5.2402
30 40 35 4.06373
35 40 35 2.64961
40 40 35 1.30075
45 40 35 0.630913
5 40 30 7.77418
10 40 30 7.07214
15 40 30 6.7814
20 40 30 6.145
25 40 30 5.2472
30 40 30 4.03923
35 40 30 2.63726
40 40 30 1.34935
45 40 30 0.81172
5 40 25 7.71549
10 40 25 6.89002
15 40 25 6.69372
20 40 25 6.10839
25 40 25 5.22792
30 40 25 4.03091
35 40 25 2.67219
40 40 25 1.49128
45 40 25 1.09384
5 40 20 7.70035
10 40 20 6.83963
15 40 20 6.64955
20 40 20 6.08794
25 40 20 5.21962
30 40 20 4.03305
35 40 20 2.69504
40 40 20 1.56233
45 40 20 1.21785
5 40 15 7.71549
10 40 15 6.89002
15 40 15 6.69372
20 40 15 6.10839
25 40 15 5.22792
30 40 15 4.03091
35 40 15 2.67219
40 40 15 1.49128
45 40 15 1.09384
5 40 10 7.77418
10 40 10 7.07214
15 40 10 6.7814
20 40 10 6.145
25 40 10 5.2472
30 40 10 4.03923
35 40 10 2.63726
40 40 10 1.34935
45 40 10 0.81172
5 40 5 8.05745
10 40 5 7.16442
15 40 5 6.72455
20 40 5 6.08908
25 40 5 5.2402
30 40 5 4.06373
35 40 5 2.64961
40 40 5 1.30075
45 40 5 0.630913
5 0 35 7.88915
10 0 35 7.15922
15 0 35 6.97193
20 0 35 6.8775
25 0 35 7.05965
30 0 35 7.65182
35 0 35 8.80694
40 0 35 10.4599
45 0 35 12.1825
5 0 30 7.58605
10 0 30 7.08111
15 0 30 7.0949
20 0 30 7.05742
25 0 30 7.24821
30 0 30 7.8412
35 0 30 8.97217
40 0 30 10.5682
45 0 30 12.217
5 0 25 7.53356
10 0 25 6.92966
15 0 25 7.07385
20 0 25 7.1268
25 0 25 7.35333
30 0 25 7.9399
35 0 25 9.03733
40 0 25 10.5764
45 0 25 12.1557
5 0 20 7.52272
10 0 20 6.89077
15 0 20 7.05256
20 0 20 7.14061
25 0 20 7.38288
30 0 20 7.96816
35 0 20 9.05319
40 0 20 10.5739
45 0 20 12.129
5 0 15 7.53356
10 0 15 6.92966
15 0 15 7.07385
20 0 15 7.1268
25 0 15 7.35333
30 0 15 7.9399
35 0 15 9.03733
40 0 15 10.5764
45 0 15 12.1557
5 0 10 7.58605
10 0 10 7.08111
15 0 10 7.0949
20 0 10 7.05742
25 0 10 7.24821
30 0 10 7.8412
35 0 10 8.97217
40 0 10 10.5682
45 0 10 12.217
5 0 5 7.88915
10 0 5 7.15922
15 0 5 6.97193
20 0 5 6.8775
25 0 5 7.05965
30 0 5 7.65182
35 0 5 8.80694
40 0 5 10.4599
45 0 5 12.1825
0 35 35 4.32883
0 35 30 4.27457
0 35 25 4.24609
0 35 20 4.2532
0 35 15 4.24609
0 35 10 4.27457
0 35 5 4.32883
0 30 35 2.78932
0 30 30 2.78333
0 30 25 2.78002
0 30 20 2.78944
0 30 15 2.78002
0 30 10 2.78333
0 30 5 2.78932
0 25 35 1.50526
0 25 30 1.62064
0 25 25 1.674
0 25 20 1.69528
0 25 15 1.674
0 25 10 1.62064
0 25 5 1.50526
0 20 35 0.772494
0 20 30 1.02915
0 20 25 1.14364
0 20 20 1.17667
0 20 15 1.14364
0 20 10 1.02915
0 20 5 0.772494
0 15 35 1.48378
0 15 30 1.56843
0 15 25 1.61451
0 15 20 1.63508
0 15 15 1.61451
0 15 10 1.56843
0 15 5 1.48378
0 10 35 2.7735
0 10 30 2.73079
0 10 25 2.71507
0 10 20 2.72247
0 10 15 2.71507
0 10 10 2.73079
0 10 5 2.7735
0 5 35 4.27619
0 5 30 4.18449
0 5 25 4.14375
0 5 20 4.14917
0 5 15 4.14375
0 5 10 4.18449
0 5 5 4.27619
50 35 35 0.847527
50 35 30 1.03526
50 35 25 1.19437
50 35 20 1.23652
50 35 15 1.19437
50 35 10 1.03526
50 35 5 0.847527
50 30 35 1.77469
50 30 30 2.20091
50 30 25 2.27272
50 30 20 2.26312
50 30 15 2.27272
50 30 10 2.20091
50 30 5 1.77469
50 25 35 7.03297
50 25 30 7.65392
50 25 25 7.77508
50 25 20 7.80034
50 25 15 7.77508
50 25 10 7.65392
50 25 5 7.03297
5 35 40 6.04253
10 35 40 5.23276
15 35 40 4.99757
20 35 40 4.76034
25 35 40 4.50584
30 35 40 4.19188
35 35 40 3.68279
40 35 40 2.78831
45 35 40 1.51984
5 30 40 3.65367
10 30 40 3.577
15 30 40 3.74591
20 30 40 3.95346
25 30 40 4.31345
30 30 40 4.75486
35 30 40 5.08719
40 30 40 4.71572
45 30 40 3.56571
5 25 40 1.80635
10 25 40 2.05062
15 25 40 2.52778
20 25 40 3.03803
25 25 40 3.69786
30 25 40 4.54197
35 25 40 5.44424
40 25 40 6.36244
45 25 40 5.09471
5 20 40 0.365882
10 20 40 0.864627
15 20 40 1.33528
20 20 40 1.76294
25 20 40 2.38683
30 20 40 3.3001
35 20 40 4.52995
40 20 40 6.03381
45 20 40 8.37081
5 15 40 1.83536
10 15 40 1.65977
15 15 40 1.56594
20 15 40 1.23843
25 15 40 0.967994
30 15 40 1.40769
35 15 40 2.51551
40 15 40 3.86327
45 15 40 4.19356
5 10 40 3.74866
10 10 40 3.44555
15 10 40 3.30146
20 10 40 2.99679
25 10 40 2.6536
30 10 40 2.4535
35 10 40 2.72202
40 10 40 3.35863
45 10 40 3.61917
5 5 40 6.13072
10 5 40 5.33998
15 5 40 5.1988
20 5 40 5.11025
25 5 40 5.14168
30 5 40 5.35353
35 5 40 5.88608
40 5 40 6.72018
45 5 40 7.49563
5 35 0 6.04253
10 35 0 5.23276
15 35 0 4.99757
20 35 0 4.76034
25 35 0 4.50584
30 35 0 4.19188
35 35 0 3.68279
40 35 0 2.78831
45 35 0 1.51984
5 30 0 3.65367
10 30 0 3.577
15 30 0 3.74591
20 30 0 3.95346
25 30 0 4.31345
30 30 0 4.75486
35 30 0 5.08719
40 30 0 4.71572
45 30 0 3.56571
5 25 0 1.80635
10 25 0 2.05062
15 25 0 2.52778
20 25 0 3.03803
25 25 0 3.69786
30 25 0 4.54197
35 25 0 5.44424
40 25 0 6.36244
45 25 0 5.09471
5 20 0 0.365882
10 20 0 0.864627
15 20 0 1.33528
20 20 0 1.76294
25 20 0 2.38683
30 20 0 3.3001
35 20 0 4.52995
40 20 0 6.03381
45 20 0 8.37081
5 15 0 1.83536
10 15 0 1.65977
15 15 0 1.56594
20 15 0 1.23843
25 15 0 0.967994
30 15 0 1.40769
35 15 0 2.51551
40 15 0 3.86327
45 15 0 4.19356
5 10 0 3.74866
10 10 0 3.44555
15 10 0 3.30146
20 10 0 2.99679
25 10 0 2.6536
30 10 0 2.4535
35 10 0 2.72202
40 10 0 3.35863
45 10 0 3.61917
5 5 0 6.13072
10 5 0 5.33998
15 5 0 5.1988
20 5 0 5.11025
25 5 0 5.14168
30 5 0 5.35353
35 5 0 5.88608
40 5 0 6.72018
45 5 0 7.49563
55 15 35 6.05204
60 15 35 6.90435
65 15 35 6.04371
70 15 35 5.33285
75 15 35 4.6209
80 15 35 3.9914
85 15 35 3.46779
90 15 35 2.83782
95 15 35 1.83263
55 15 30 6.16123
60 15 30 7.20962
65 15 30 6.14417
70 15 30 5.30266
75 15 30 4.50196
80 15 30 3.80802
85 15 30 3.23738
90 15 30 2.61024
95 15 30 1.67795
55 15 25 6.13014
60 15 25 7.25327
65 15 25 6.19089
70 15 25 5.29447
75 15 25 4.44752
80 15 25 3.72483
85 15 25 3.1367
90 15 25 2.51347
95 15 25 1.61437
55 15 20 6.12015
60 15 20 7.26242
65 15 20 6.20026
70 15 20 5.29653
75 15 20 4.43467
80 15 20 3.70296
85 15 20 3.11254
90 15 20 2.49129
95 15 20 1.6212
55 15 15 6.13014
60 15 15 7.25327
65 15 15 6.19089
70 15 15 5.29447
75 15 15 4.44752
80 15 15 3.72483
85 15 15 3.1367
90 15 15 2.51347
95 15 15 1.61437
55 15 10 6.16123
60 15 10 7.20962
65 15 10 6.14417
70 15 10 5.30266
75 15 10 4.50196
80 15 10 3.80802
85 15 10 3.23738
90 15 10 2.61024
95 15 10 1.67795
55 15 5 6.05204
60 15 5 6.90435
65 15 5 6.04371
70 15 5 5.33285
75 15 5 4.6209
80 15 5 3.9914
85 15 5 3.46779
90 15 5 2.83782
95 15 5 1.83263
55 10 35 2.72484
60 10 35 2.47994
65 10 35 2.64507
70 10 35 2.67199
75 10 35 2.73562
80 10 35 2.74487
85 10 35 2.85302
90 10 35 3.06179
95 10 35 2.72982
55 10 30 2.97073
60 10 30 2.58528
65 10 30 2.54468
70 10 30 2.43439
75 10 30 2.42396
80 10 30 2.38888
85 10 30 2.44141
90 10 30 2.63046
95 10 30 2.28607
55 10 25 3.04569
60 10 25 2.6509
65 10 25 2.55407
70 10 25 2.36766
75 10 25 2.31586
80 10 25 2.25251
85 10 25 2.31712
90 10 25 2.50324
95 10 25 2.2258
55 10 20 3.06984
60 10 20 2.67607
65 10 20 2.56431
70 10 20 2.35841
75 10 20 2.29008
80 10 20 2.22544
85 10 20 2.28411
90 10 20 2.49866
95 10 20 2.24702
55 10 15 3.04569
60 10 15 2.6509
65 10 15 2.55407
70 10 15 2.36766
75 10 15 2.31586
80 10 15 2.25251
85 10 15 2.31712
90 10 15 2.50324
95 10 15 2.2258
55 10 10 2.97073
60 10 10 2.58528
65 10 10 2.54468
70 10 10 2.43439
75 10 10 2.42396
80 10 10 2.38888
85 10 10 2.44141
90 10 10 2.63046
95 10 10 2.28607
55 10 5 2.72484
60 10 5 2.47994
65 10 5 2.64507
70 10 5 2.67199
75 10 5 2.73562
80 10 5 2.74487
85 10 5 2.85302
90 10 5 3.06179
95 10 5 2.72982
55 5 35 7.49575
60 5 35 6.92762
65 5 35 6.12543
70 5 35 5.33598
75 5 35 4.56874
80 5 35 3.79091
85 5 35 2.9623
90 5 35 2.04353
95 5 35 1.97314
55 5 30 7.47687
60 5 30 6.85974
65 5 30 6.03731
70 5 30 5.24609
75 5 30 4.49623
80 5 30 3.72082
85 5 30 2.83292
90 5 30 1.90975
95 5 30 1.44367
55 5 25 7.42316
60 5 25 6.78746
65 5 25 5.95849
70 5 25 5.18197
75 5 25 4.4483
80 5 25 3.66567
85 5 25 2.76158
90 5 25 1.83036
95 5 25 1.62521
55 5 20 7.40629
60 5 20 6.76527
65 5 20 5.93504
70 5 20 5.16278
75 5 20 4.43225
80 5 20 3.64668
85 5 20 2.73651
90 5 20 1.82492
95 5 20 1.54011
55 5 15 7.42316
60 5 15 6.78746
65 5 15 5.95849
70 5 15 5.18197
75 5 15 4.4483
80 5 15 3.66567
85 5 15 2.76158
90 5 15 1.83036
95 5 15 1.62521
55 5 10 7.47687
60 5 10 6.85974
65 5 10 6.03731
70 5 10 5.24609
75 5 10 4.49623
80 5 10 3.72082
85 5 10 2.83292
90 5 10 1.90975
95 5 10 1.44367
55 5 5 7.49575
60 5 5 6.92762
65 5 5 6.12543
70 5 5 5.33598
75 5 5 4.56874
80 5 5 3.79091
85 5 5 2.9623
90 5 5 2.04353
95 5 5 1.97314
5 35 35 5.64941
10 35 35 5.75097
15 35 35 5.21811
20 35 35 4.83923
25 35 35 4.42459
30 35 35 3.95463
35 35 35 3.28851
40 35 35 2.38613
45 35 35 1.28246
5 35 30 5.34071
10 35 30 5.72487
15 35 30 5.32694
20 35 30 4.89624
25 35 30 4.42058
30 35 30 3.89777
35 35 30 3.19116
40 35 30 2.32589
45 35 30 1.42257
5 35 25 5.27671
10 35 25 5.63075
15 35 25 5.29755
20 35 25 4.90079
25 35 25 4.41808
30 35 25 3.88915
35 35 25 3.18913
40 35 25 2.38253
45 35 25 1.60513
5 35 20 5.25659
10 35 20 5.6086
15 35 20 5.27814
20 35 20 4.89585
25 35 20 4.41871
30 35 20 3.89116
35 35 20 3.19907
40 35 20 2.41083
45 35 20 1.65566
5 35 15 5.27671
10 35 15 5.63075
15 35 15 5.29755
20 35 15 4.90079
25 35 15 4.41808
30 35 15 3.88915
35 35 15 3.18913
40 35 15 2.38253
45 35 15 1.60513
5 35 10 5.34071
10 35 10 5.72487
15 35 10 5.32694
20 35 10 4.89624
25 35 10 4.42058
30 35 10 3.89777
35 35 10 3.19116
40 35 10 2.32589
45 35 10 1.42257
5 35 5 5.64941
10 35 5 5.75097
15 35 5 5.21811
20 35 5 4.83923
25 35 5 4.42459
30 35 5 3.95463
35 35 5 3.28851
40 35 5 2.38613
45 35 5 1.28246
5 30 35 3.47313
10 30 35 3.94199
15 30 35 3.89629
20 30 35 3.90504
25 30 35 4.07016
30 30 35 4.29995
35 30 35 4.46015
40 30 35 3.921
45 30 35 3.04263
5 30 30 3.29242
10 30 30 3.93912
15 30 30 4.01182
20 30 30 3.94566
25 30 30 4.02082
30 30 30 4.17638
35 30 30 4.29751
40 30 30 3.7896
45 30 30 3.32587
5 30 25 3.25672
10 30 25 3.90311
15 30 25 4.01867
20 30 25 3.9705
25 30 25 4.026
30 30 25 4.16434
35 30 25 4.28731
40 30 25 3.81726
45 30 25 3.4777
5 30 20 3.24454
10 30 20 3.89388
15 30 20 4.0144
20 30 20 3.9743
25 30 20 4.03239
30 30 20 4.16959
35 30 20 4.29683
40 30 20 3.8362
45 30 20 3.51594
5 30 15 3.25672
10 30 15 3.90311
15 30 15 4.01867
20 30 15 3.9705
25 30 15 4.026
30 30 15 4.16434
35 30 15 4.28731
40 30 15 3.81726
45 30 15 3.4777
5 30 10 3.29242
10 30 10 3.93912
15 30 10 4.01182
20 30 10 3.94566
25 30 10 4.02082
30 30 10 4.17638
35 30 10 4.29751
40 30 10 3.7896
45 30 10 3.32587
5 30 5 3.47313
10 30 5 3.94199
15 30 5 3.89629
20 30 5 3.90504
25 30 5 4.07016
30 30 5 4.29995
35 30 5 4.46015
40 30 5 3.921
45 30 5 3.04263
5 25 35 1.82795
10 25 35 2.31864
15 25 35 2.58868
20 25 35 2.92157
25 25 35 3.40307
30 25 35 4.05139
35 25 35 4.74118
40 25 35 5.44797
45 25 35 4.32796
5 25 30 1.82221
10 25 30 2.41607
15 25 30 2.6844
20 25 30 2.92907
25 25 30 3.31778
30 25 30 3.8964
35 25 30 4.5635
40 25 30 5.39666
45 25 30 4.52178
5 25 25 1.85477
10 25 25 2.44476
15 25 25 2.72725
20 25 25 2.9587
25 25 25 3.31741
30 25 25 3.87915
35 25 25 4.55551
40 25 25 5.41163
45 25 25 4.57311
5 25 20 1.86232
10 25 20 2.45817
15 25 20 2.73836
20 25 20 2.97023
25 25 20 3.3248
30 25 20 3.88467
35 25 20 4.56057
40 25 20 5.42324
45 25 20 4.587
5 25 15 1.85477
10 25 15 2.44476
15 25 15 2.72725
20 25 15 2.9587
25 25 15 3.31741
30 25 15 3.87915
35 25 15 4.55551
40 25 15 5.41163
45 25 15 4.57311
5 25 10 1.82221
10 25 10 2.41607
15 25 10 2.6844
20 25 10 2.92907
25 25 10 3.31778
30 25 10 3.8964
35 25 10 4.5635
40 25 10 5.39666
45 25 10 4.52178
5 25 5 1.82795
10 25 5 2.31864
15 25 5 2.58868
20 25 5 2.92157
25 25 5 3.40307
30 25 5 4.05139
35 25 5 4.74118
40 25 5 5.44797
45 25 5 4.32796
5 20 35 0.732131
10 20 35 1.16575
15 20 35 1.41528
20 20 35 1.67614
25 20 35 2.13651
30 20 35 2.85589
35 20 35 3.84054
40 20 35 5.18029
45 20 35 7.67802
5 20 30 0.95887
10 20 30 1.41762
15 20 30 1.57408
20 20 30 1.71167
25 20 30 2.06179
30 20 30 2.7015
35 20 30 3.67634
40 20 30 5.08783
45 20 30 7.60676
5 20 25 1.07507
10 20 25 1.5184
15 20 25 1.66885
20 20 25 1.75667
25 20 25 2.05459
30 20 25 2.66939
35 20 25 3.64739
40 20 25 5.05081
45 20 25 7.51843
5 20 20 1.10516
10 20 20 1.55327
15 20 20 1.69568
20 20 20 1.775
25 20 20 2.05846
30 20 20 2.66622
35 20 20 3.64197
40 20 20 5.03667
45 20 20 7.48677
5 20 15 1.07507
10 20 15 1.5184
15 20 15 1.66885
20 20 15 1.75667
25 20 15 2.05459
30 20 15 2.66939
35 20 15 3.64739
40 20 15 5.05081
45 20 15 7.51843
5 20 10 0.95887
10 20 10 1.41762
15 20 10 1.57408
20 20 10 1.71167
25 20 10 2.06179
30 20 10 2.7015
35 20 10 3.67634
40 20 10 5.08783
45 20 10 7.60676
5 20 5 0.732131
10 20 5 1.16575
15 20 5 1.41528
20 20 5 1.67614
25 20 5 2.13651
30 20 5 2.85589
35 20 5 3.84054
40 20 5 5.18029
45 20 5 7.67802
5 15 35 1.74009
10 15 35 1.95446
15 15 35 1.75709
20 15 35 1.39369
25 15 35 1.00523
30 15 35 1.06539
35 15 35 1.8193
40 15 35 2.91998
45 15 35 3.42099
5 15 30 1.702
10 15 30 2.0666
15 15 30 1.93052
20 15 30 1.54156
25 15 30 1.07109
30 15 30 0.927846
35 15 30 1.59339
40 15 30 2.71166
45 15 30 3.20089
5 15 25 1.72957
10 15 25 2.10308
15 15 25 2.00384
20 15 25 1.61792
25 15 25 1.09831
30 15 25 0.844676
35 15 25 1.48761
40 15 25 2.59309
45 15 25 2.98368
5 15 20 1.73712
10 15 20 2.1198
15 15 20 2.02179
20 15 20 1.63868
25 15 20 1.10356
30 15 20 0.813352
35 15 20 1.45467
40 15 20 2.5552
45 15 20 2.91281
5 15 15 1.72957
10 15 15 2.10308
15 15 15 2.00384
20 15 15 1.61792
25 15 15 1.09831
30 15 15 0.844676
35 15 15 1.48761
40 15 15 2.59309
45 15 15 2.98368
5 15 10 1.702
10 15 10 2.0666
15 15 10 1.93052
20 15 10 1.54156
25 15 10 1.07109
30 15 10 0.927846
35 15 10 1.59339
40 15 10 2.71166
45 15 10 3.20089
5 15 5 1.74009
10 15 5 1.95446
15 15 5 1.75709
20 15 5 1.39369
25 15 5 1.00523
30 15 5 1.06539
35 15 5 1.8193
40 15 5 2.91998
45 15 5 3.42099
5 10 35 3.45055
10 10 35 3.78548
15 10 35 3.50326
20 10 35 3.14128
25 10 35 2.77827
30 10 35 2.47777
35 10 35 2.4183
40 10 35 2.64539
45 10 35 2.86062
5 10 30 3.22708
10 10 30 3.76433
15 10 30 3.65749
20 10 30 3.28548
25 10 30 2.89777
30 10 30 2.53743
35 10 30 2.38011
40 10 30 2.59626
45 10 30 2.93737
5 10 25 3.18127
10 10 25 3.72733
15 10 25 3.68325
20 10 25 3.35388
25 10 25 2.95563
30 10 25 2.56273
35 10 25 2.37441
40 10 25 2.59253
45 10 25 2.9622
5 10 20 3.16822
10 10 20 3.7197
15 10 20 3.68524
20 10 20 3.36847
25 10 20 2.97253
30 10 20 2.56991
35 10 20 2.37507
40 10 20 2.59452
45 10 20 2.96804
5 10 15 3.18127
10 10 15 3.72733
15 10 15 3.68325
20 10 15 3.35388
25 10 15 2.95563
30 10 15 2.56273
35 10 15 2.37441
40 10 15 2.59253
45 10 15 2.9622
5 10 10 3.22708
10 10 10 3.76433
15 10 10 3.65749
20 10 10 3.28548
25 10 10 2.89777
30 10 10 2.53743
35 10 10 2.38011
40 10 10 2.59626
45 10 10 2.93737
5 10 5 3.45055
10 10 5 3.78548
15 10 5 3.50326
20 10 5 3.14128
25 10 5 2.77827
30 10 5 2.47777
35 10 5 2.4183
40 10 5 2.64539
45 10 5 2.86062
5 5 35 5.63954
10 5 35 5.79293
15 5 35 5.37935
20 5 35 5.21135
25 5 35 5.17646
30 5 35 5.33259
35 5 35 5.76802
40 5 35 6.50086
45 5 35 7.24498
5 5 30 5.29455
10 5 30 5.75059
15 5 30 5.51371
20 5 30 5.34237
25 5 30 5.29562
30 5 30 5.42676
35 5 30 5.83405
40 5 30 6.5456
45 5 30 7.27078
5 5 25 5.22472
10 5 25 5.6666
15 5 25 5.52088
20 5 25 5.41416
25 5 25 5.37826
30 5 25 5.50116
35 5 25 5.89072
40 5 25 6.58331
45 5 25 7.28433
5 5 20 5.20507
10 5 20 5.65016
15 5 20 5.51527
20 5 20 5.43222
25 5 20 5.40651
30 5 20 5.52705
35 5 20 5.91169
40 5 20 6.59836
45 5 20 7.29022
5 5 15 5.22472
10 5 15 5.6666
15 5 15 5.52088
20 5 15 5.41416
25 5 15 5.37826
30 5 15 5.50116
35 5 15 5.89072
40 5 15 6.58331
45 5 15 7.28433
5 5 10 5.29455
10 5 10 5.75059
15 5 10 5.51371
20 5 10 5.34237
25 5 10 5.29562
30 5 10 5.42676
35 5 10 5.83405
40 5 10 6.5456
45 5 10 7.27078
5 5 5 5.63954
10 5 5 5.79293
15 5 5 5.37935
20 5 5 5.21135
25 5 5 5.17646
30 5 5 5.33259
35 5 5 5.76802
40 5 5 6.50086
45 5 5 7.24498
