50 20 40 16.2565
100 20 40 0.444172
100 20 0 0.444172
50 20 0 16.2565
100 0 40 3.10311
100 0 0 3.10311
50 0 0 -14.571
50 0 40 -14.571
0 40 40 12.7608
50 40 40 0.213315
50 40 0 0.213315
0 40 0 12.7608
0 0 0 -12.5628
0 0 40 -12.5628
55 20 40 16.8951
60 20 40 13.779
65 20 40 11.8259
70 20 40 10.5794
75 20 40 8.92569
80 20 40 7.12626
85 20 40 4.96898
90 20 40 2.78983
95 20 40 1.10838
100 20 35 0.280689
100 20 30 0.444539
100 20 25 0.341487
100 20 20 0.341836
100 20 15 0.341487
100 20 10 0.444539
100 20 5 0.280689
95 20 0 1.10838
90 20 0 2.78983
85 20 0 4.96898
80 20 0 7.12626
75 20 0 8.92569
70 20 0 10.5794
65 20 0 11.8259
60 20 0 13.779
55 20 0 16.8951
50 20 5 18.153
50 20 10 18.4399
50 20 15 18.7435
50 20 20 18.8235
50 20 25 18.7435
50 20 30 18.4399
50 20 35 18.153
95 0 40 -11.1262
90 0 40 -4.6841
85 0 40 -5.95709
80 0 40 -6.94862
75 0 40 -8.89338
70 0 40 -10.7603
65 0 40 -12.626
60 0 40 -14.1806
55 0 40 -14.8994
100 0 5 -3.61501
100 0 10 0.0552747
100 0 15 -0.579046
100 0 20 -0.0711056
100 0 25 -0.579046
100 0 30 0.0552747
100 0 35 -3.61501
55 0 0 -14.8994
60 0 0 -14.1806
65 0 0 -12.626
70 0 0 -10.7603
75 0 0 -8.89338
80 0 0 -6.94862
85 0 0 -5.95709
90 0 0 -4.6841
95 0 0 -11.1262
50 0 35 -14.8506
50 0 30 -14.6802
50 0 25 -14.7098
50 0 20 -14.7567
50 0 15 -14.7098
50 0 10 -14.6802
50 0 5 -14.8506
50 5 0 -6.95642
50 10 0 -1.52216
50 15 0 3.43026
50 15 40 3.43026
50 10 40 -1.52216
50 5 40 -6.95642
100 5 0 8.81349
100 10 0 0.650636
100 15 0 1.00887
100 15 40 1.00887
100 10 40 0.650636
100 5 40 8.81349
5 40 40 8.0885
10 40 40 7.21673
15 40 40 6.56061
20 40 40 6.16074
25 40 40 5.228
30 40 40 3.90762
35 40 40 2.40139
40 40 40 0.973551
45 40 40 0.398885
50 40 35 0.0363652
50 40 30 0.0839495
50 40 25 0.134671
50 40 20 0.0999999
50 40 15 0.134671
50 40 10 0.0839495
50 40 5 0.0363652
45 40 0 0.398885
40 40 0 0.973551
35 40 0 2.40139
30 40 0 3.90762
25 40 0 5.228
20 40 0 6.16074
15 40 0 6.56061
10 40 0 7.21673
5 40 0 8.0885
0 40 5 10.8635
0 40 10 11.201
0 40 15 11.2971
0 40 20 11.3651
0 40 25 11.2971
0 40 30 11.201
0 40 35 10.8635
45 0 40 -13.3482
40 0 40 -11.4506
35 0 40 -9.64255
30 0 40 -8.26968
25 0 40 -7.46564
20 0 40 -7.18218
15 0 40 -6.94166
10 0 40 -7.28301
5 0 40 -7.99582
5 0 0 -7.99582
10 0 0 -7.28301
15 0 0 -6.94166
20 0 0 -7.18218
25 0 0 -7.46564
30 0 0 -8.26968
35 0 0 -9.64255
40 0 0 -11.4506
45 0 0 -13.3482
0 0 35 -10.5158
0 0 30 -10.8237
0 0 25 -10.9289
0 0 20 -11.0044
0 0 15 -10.9289
0 0 10 -10.8237
0 0 5 -10.5158
0 35 0 8.09448
0 30 0 5.19891
0 25 0 2.49629
0 20 0 -0.0720402
0 15 0 -2.67022
0 10 0 -5.41477
0 5 0 -8.25904
0 5 40 -8.25904
0 10 40 -5.41477
0 15 40 -2.67022
0 20 40 -0.0720402
0 25 40 2.49629
0 30 40 5.19891
0 35 40 8.09448
50 25 0 -1.03875
50 30 0 1.17986
50 35 0 -0.0428973
50 35 40 -0.0428973
50 30 40 1.17986
50 25 40 -1.03875
55 20 35 18.4852
60 20 35 14.474
65 20 35 12.0953
70 20 35 10.6833
75 20 35 8.96034
80 20 35 7.07686
85 20 35 4.84351
90 20 35 2.56596
95 20 35 0.922996
55 20 30 18.4495
60 20 30 14.3372
65 20 30 12.1247
70 20 30 10.5594
75 20 30 8.8266
80 20 30 6.93607
85 20 30 4.75053
90 20 30 2.5602
95 20 30 1.02495
55 20 25 18.5839
60 20 25 14.3141
65 20 25 12.095
70 20 25 10.5728
75 20 25 8.79788
80 20 25 6.90899
85 20 25 4.75367
90 20 25 2.56872
95 20 25 0.99432
55 20 20 18.6194
60 20 20 14.3257
65 20 20 12.0985
70 20 20 10.5717
75 20 20 8.80257
80 20 20 6.90735
85 20 20 4.75584
90 20 20 2.58579
95 20 20 1.0156
55 20 15 18.5839
60 20 15 14.3141
65 20 15 12.095
70 20 15 10.5728
75 20 15 8.79788
80 20 15 6.90899
85 20 15 4.75367
90 20 15 2.56872
95 20 15 0.99432
55 20 10 18.4495
60 20 10 14.3372
65 20 10 12.1247
70 20 10 10.5594
75 20 10 8.8266
80 20 10 6.93607
85 20 10 4.75053
90 20 10 2.5602
95 20 10 1.02495
55 20 5 18.4852
60 20 5 14.474
65 20 5 12.0953
70 20 5 10.6833
75 20 5 8.96034
80 20 5 7.07686
85 20 5 4.84351
90 20 5 2.56596
95 20 5 0.922996
55 0 35 -15.1869
60 0 35 -14.4224
65 0 35 -12.8095
70 0 35 -10.9387
75 0 35 -9.0273
80 0 35 -7.19337
85 0 35 -6.23864
90 0 35 -5.03274
95 0 35 -7.55282
55 0 30 -14.9463
60 0 30 -14.1547
65 0 30 -12.6044
70 0 30 -10.8008
75 0 30 -8.90956
80 0 30 -7.23621
85 0 30 -5.82753
90 0 30 -5.00927
95 0 30 -6.64562
55 0 25 -14.9341
60 0 25 -14.121
65 0 25 -12.5487
70 0 25 -10.7408
75 0 25 -8.89295
80 0 25 -7.12918
85 0 25 -5.86777
90 0 25 -4.78319
95 0 25 -6.76735
55 0 20 -14.9612
60 0 20 -14.1211
65 0 20 -12.5358
70 0 20 -10.7334
75 0 20 -8.86694
80 0 20 -7.1425
85 0 20 -5.80313
90 0 20 -4.87125
95 0 20 -6.60601
55 0 15 -14.9341
60 0 15 -14.121
65 0 15 -12.5487
70 0 15 -10.7408
75 0 15 -8.89295
80 0 15 -7.12918
85 0 15 -5.86777
90 0 15 -4.78319
95 0 15 -6.76735
55 0 10 -14.9463
60 0 10 -14.1547
65 0 10 -12.6044
70 0 10 -10.8008
75 0 10 -8.90956
80 0 10 -7.23621
85 0 10 -5.82753
90 0 10 -5.00927
95 0 10 -6.64562
55 0 5 -15.1869
60 0 5 -14.4224
65 0 5 -12.8095
70 0 5 -10.9387
75 0 5 -9.0273
80 0 5 -7.19337
85 0 5 -6.23864
90 0 5 -5.03274
95 0 5 -7.55282
50 15 35 5.17874
50 15 30 5.34133
50 15 25 5.46048
50 15 20 5.48091
50 15 15 5.46048
50 15 10 5.34133
50 15 5 5.17874
50 10 35 -1.06301
50 10 30 -0.974035
50 10 25 -0.963391
50 10 20 -0.956171
50 10 15 -0.963391
50 10 10 -0.974035
50 10 5 -1.06301
50 5 35 -7.21502
50 5 30 -7.16018
50 5 25 -7.18676
50 5 20 -7.18687
50 5 15 -7.18676
50 5 10 -7.16018
50 5 5 -7.21502
100 15 35 0.777846
100 15 30 0.615476
100 15 25 0.563037
100 15 20 0.627614
100 15 15 0.563037
100 15 10 0.615476
100 15 5 0.777846
100 10 35 0.819203
100 10 30 0.533119
100 10 25 0.831562
100 10 20 0.677294
100 10 15 0.831562
100 10 10 0.533119
100 10 5 0.819203
100 5 35 3.07552
100 5 30 3.60061
100 5 25 3.11075
100 5 20 3.2979
100 5 15 3.11075
100 5 10 3.60061
100 5 5 3.07552
55 15 40 3.3965
60 15 40 6.0798
65 15 40 5.44142
70 15 40 4.81097
75 15 40 4.08324
80 15 40 3.4448
85 15 40 2.64804
90 15 40 1.76938
95 15 40 1.32861
55 10 40 -1.23816
60 10 40 -1.07028
65 10 40 -0.0514465
70 10 40 0.0520816
75 10 40 0.165598
80 10 40 0.277135
85 10 40 0.90138
90 10 40 0.52547
95 10 40 0.164091
55 5 40 -6.80579
60 5 40 -6.31162
65 5 40 -5.69662
70 5 40 -4.76466
75 5 40 -3.96271
80 5 40 -3.02061
85 5 40 -2.31991
90 5 40 0.190509
95 5 40 -0.323948
55 15 0 3.3965
60 15 0 6.0798
65 15 0 5.44142
70 15 0 4.81097
75 15 0 4.08324
80 15 0 3.4448
85 15 0 2.64804
90 15 0 1.76938
95 15 0 1.32861
55 10 0 -1.23816
60 10 0 -1.07028
65 10 0 -0.0514465
70 10 0 0.0520816
75 10 0 0.165598
80 10 0 0.277135
85 10 0 0.90138
90 10 0 0.52547
95 10 0 0.164091
55 5 0 -6.80579
60 5 0 -6.31162
65 5 0 -5.69662
70 5 0 -4.76466
75 5 0 -3.96271
80 5 0 -3.02061
85 5 0 -2.31991
90 5 0 0.190509
95 5 0 -0.323948
5 40 35 8.05665
10 40 35 7.99059
15 40 35 7.1159
20 40 35 6.43996
25 40 35 5.38852
30 40 35 3.93954
35 40 35 2.33834
40 40 35 0.82126
45 40 35 0.202044
5 40 30 8.26346
10 40 30 7.58342
15 40 30 7.16275
20 40 30 6.41896
25 40 30 5.35463
30 40 30 3.87864
35 40 30 2.31109
40 40 30 0.910019
45 40 30 0.271459
5 40 25 8.40075
10 40 25 7.6215
15 40 25 7.04915
20 40 25 6.40827
25 40 25 5.32973
30 40 25 3.85157
35 40 25 2.28178
40 40 25 0.888607
45 40 25 0.290981
5 40 20 8.42397
10 40 20 7.61367
15 40 20 7.0447
20 40 20 6.37892
25 40 20 5.32366
30 40 20 3.83944
35 40 20 2.27081
40 40 20 0.878085
45 40 20 0.270983
5 40 15 8.40075
10 40 15 7.6215
15 40 15 7.04915
20 40 15 6.40827
25 40 15 5.32973
30 40 15 3.85157
35 40 15 2.28178
40 40 15 0.888607
45 40 15 0.290981
5 40 10 8.26346
10 40 10 7.58342
15 40 10 7.16275
20 40 10 6.41896
25 40 10 5.35463
30 40 10 3.87864
35 40 10 2.31109
40 40 10 0.910019
45 40 10 0.271459
5 40 5 8.05665
10 40 5 7.99059
15 40 5 7.1159
20 40 5 6.43996
25 40 5 5.38852
30 40 5 3.93954
35 40 5 2.33834
40 40 5 0.82126
45 40 5 0.202044
5 0 35 -7.82527
10 0 35 -7.92765
15 0 35 -7.37004
20 0 35 -7.34688
25 0 35 -7.55263
30 0 35 -8.30675
35 0 35 -9.69511
40 0 35 -11.5608
45 0 35 -13.5502
5 0 30 -8.02681
10 0 30 -7.53922
15 0 30 -7.47627
20 0 30 -7.4366
25 0 30 -7.67365
30 0 30 -8.42071
35 0 30 -9.79147
40 0 30 -11.5812
45 0 30 -13.4506
5 0 25 -8.17308
10 0 25 -7.60622
15 0 25 -7.41457
20 0 25 -7.50533
25 0 25 -7.75574
30 0 25 -8.52224
35 0 25 -9.89736
40 0 25 -11.6914
45 0 25 -13.5415
5 0 20 -8.20315
10 0 20 -7.6118
15 0 20 -7.43127
20 0 20 -7.50637
25 0 20 -7.78899
30 0 20 -8.55818
35 0 20 -9.94063
40 0 20 -11.7363
45 0 20 -13.5881
5 0 15 -8.17308
10 0 15 -7.60622
15 0 15 -7.41457
20 0 15 -7.50533
25 0 15 -7.75574
30 0 15 -8.52224
35 0 15 -9.89736
40 0 15 -11.6914
45 0 15 -13.5415
5 0 10 -8.02681
10 0 10 -7.53922
15 0 10 -7.47627
20 0 10 -7.4366
25 0 10 -7.67365
30 0 10 -8.42071
35 0 10 -9.79147
40 0 10 -11.5812
45 0 10 -13.4506
5 0 5 -7.82527
10 0 5 -7.92765
15 0 5 -7.37004
20 0 5 -7.34688
25 0 5 -7.55263
30 0 5 -8.30675
35 0 5 -9.69511
40 0 5 -11.5608
45 0 5 -13.5502
0 35 35 6.25057
0 35 30 6.24176
0 35 25 6.1793
0 35 20 6.18989
0 35 15 6.1793
0 35 10 6.24176
0 35 5 6.25057
0 30 35 3.9711
0 30 30 3.98685
0 30 25 3.93889
0 30 20 3.9422
0 30 15 3.93889
0 30 10 3.98685
0 30 5 3.9711
0 25 35 1.8969
0 25 30 1.90405
0 25 25 1.8809
0 25 20 1.88213
0 25 15 1.8809
0 25 10 1.90405
0 25 5 1.8969
0 20 35 -0.011182
0 20 30 -0.00162524
0 20 25 0.00239226
0 20 20 0.00276126
0 20 15 0.00239226
0 20 10 -0.00162524
0 20 5 -0.011182
0 15 35 -1.94336
0 15 30 -1.92581
0 15 25 -1.89279
0 15 20 -1.89293
0 15 15 -1.89279
0 15 10 -1.92581
0 15 5 -1.94336
0 10 35 -4.04584
0 10 30 -4.02311
0 10 25 -3.96263
0 10 20 -3.96469
0 10 15 -3.96263
0 10 10 -4.02311
0 10 5 -4.04584
0 5 35 -6.26328
0 5 30 -6.20851
0 5 25 -6.13734
0 5 20 -6.14855
0 5 15 -6.13734
0 5 10 -6.20851
0 5 5 -6.26328
50 35 35 -0.190215
50 35 30 0.0417644
50 35 25 0.0218949
50 35 20 0.0217048
50 35 15 0.0218949
50 35 10 0.0417644
50 35 5 -0.190215
50 30 35 0.942877
50 30 30 1.05043
50 30 25 0.934976
50 30 20 0.934952
50 30 15 0.934976
50 30 10 1.05043
50 30 5 0.942877
50 25 35 -0.322273
50 25 30 -0.511151
50 25 25 -0.460724
50 25 20 -0.45006
50 25 15 -0.460724
50 25 10 -0.511151
50 25 5 -0.322273
5 35 40 5.38234
10 35 40 5.15967
15 35 40 4.57892
20 35 40 4.32211
25 35 40 3.85624
30 35 40 3.26207
35 35 40 2.37778
40 35 40 1.70868
45 35 40 0.954253
5 30 40 3.57768
10 30 40 3.21356
15 30 40 3.28921
20 30 40 3.23401
25 30 40 3.19413
30 30 40 3.06093
35 30 40 2.6599
40 30 40 1.23659
45 30 40 1.39583
5 25 40 1.78451
10 25 40 1.67153
15 25 40 1.81399
20 25 40 2.07933
25 25 40 2.37977
30 25 40 2.76925
35 25 40 3.17052
40 25 40 3.13839
45 25 40 0.0412173
5 20 40 -0.0149669
10 20 40 0.113586
15 20 40 0.321731
20 20 40 0.664699
25 20 40 1.18306
30 20 40 1.96115
35 20 40 2.95502
40 20 40 4.7728
45 20 40 7.13918
5 15 40 -1.8549
10 15 40 -1.54272
15 15 40 -1.35752
20 15 40 -1.08414
25 15 40 -0.554775
30 15 40 0.19226
35 15 40 1.29007
40 15 40 2.53134
45 15 40 3.11353
5 10 40 -3.72809
10 10 40 -3.31012
15 10 40 -3.28905
20 10 40 -3.08368
25 10 40 -2.8056
30 10 40 -2.41624
35 10 40 -2.02219
40 10 40 -2.03518
45 10 40 -2.20477
5 5 40 -5.56099
10 5 40 -5.41831
15 5 40 -5.03939
20 5 40 -5.1302
25 5 40 -5.21064
30 5 40 -5.42709
35 5 40 -5.82855
40 5 40 -6.35207
45 5 40 -6.67253
5 35 0 5.38234
10 35 0 5.15967
15 35 0 4.57892
20 35 0 4.32211
25 35 0 3.85624
30 35 0 3.26207
35 35 0 2.37778
40 35 0 1.70868
45 35 0 0.954253
5 30 0 3.57768
10 30 0 3.21356
15 30 0 3.28921
20 30 0 3.23401
25 30 0 3.19413
30 30 0 3.06093
35 30 0 2.6599
40 30 0 1.23659
45 30 0 1.39583
5 25 0 1.78451
10 25 0 1.67153
15 25 0 1.81399
20 25 0 2.07933
25 25 0 2.37977
30 25 0 2.76925
35 25 0 3.17052
40 25 0 3.13839
45 25 0 0.0412173
5 20 0 -0.0149669
10 20 0 0.113586
15 20 0 0.321731
20 20 0 0.664699
25 20 0 1.18306
30 20 0 1.96115
35 20 0 2.95502
40 20 0 4.7728
45 20 0 7.13918
5 15 0 -1.8549
10 15 0 -1.54272
15 15 0 -1.35752
20 15 0 -1.08414
25 15 0 -0.554775
30 15 0 0.19226
35 15 0 1.29007
40 15 0 2.53134
45 15 0 3.11353
5 10 0 -3.72809
10 10 0 -3.31012
15 10 0 -3.28905
20 10 0 -3.08368
25 10 0 -2.8056
30 10 0 -2.41624
35 10 0 -2.02219
40 10 0 -2.03518
45 10 0 -2.20477
5 5 0 -5.56099
10 5 0 -5.41831
15 5 0 -5.03939
20 5 0 -5.1302
25 5 0 -5.21064
30 5 0 -5.42709
35 5 0 -5.82855
40 5 0 -6.35207
45 5 0 -6.67253
55 15 35 4.93011
60 15 35 6.92606
65 15 35 5.79479
70 15 35 5.0154
75 15 35 4.19323
80 15 35 3.42538
85 15 35 2.55951
90 15 35 1.60391
95 15 35 1.03204
55 15 30 5.16675
60 15 30 7.24985
65 15 30 6.02547
70 15 30 5.08461
75 15 30 4.20187
80 15 30 3.37886
85 15 30 2.4941
90 15 30 1.55012
95 15 30 0.912896
55 15 25 5.29347
60 15 25 7.37257
65 15 25 6.11071
70 15 25 5.14594
75 15 25 4.21573
80 15 25 3.36949
85 15 25 2.46947
90 15 25 1.5418
95 15 25 0.911467
55 15 20 5.3013
60 15 20 7.39886
65 15 20 6.12752
70 15 20 5.1542
75 15 20 4.21853
80 15 20 3.36429
85 15 20 2.46447
90 15 20 1.53286
95 15 20 0.937326
55 15 15 5.29347
60 15 15 7.37257
65 15 15 6.11071
70 15 15 5.14594
75 15 15 4.21573
80 15 15 3.36949
85 15 15 2.46947
90 15 15 1.5418
95 15 15 0.911467
55 15 10 5.16675
60 15 10 7.24985
65 15 10 6.02547
70 15 10 5.08461
75 15 10 4.20187
80 15 10 3.37886
85 15 10 2.4941
90 15 10 1.55012
95 15 10 0.912896
55 15 5 4.93011
60 15 5 6.92606
65 15 5 5.79479
70 15 5 5.0154
75 15 5 4.19323
80 15 5 3.42538
85 15 5 2.55951
90 15 5 1.60391
95 15 5 1.03204
55 10 35 -0.835232
60 10 35 -0.706819
65 10 35 0.0316257
70 10 35 0.0181748
75 10 35 0.0752912
80 10 35 0.136334
85 10 35 0.548776
90 10 35 0.465755
95 10 35 0.0923181
55 10 30 -0.73143
60 10 30 -0.554251
65 10 30 0.148655
70 10 30 0.0635918
75 10 30 0.0344377
80 10 30 0.0836687
85 10 30 0.422146
90 10 30 0.370752
95 10 30 0.0901465
55 10 25 -0.692615
60 10 25 -0.488867
65 10 25 0.215842
70 10 25 0.0931761
75 10 25 0.0396395
80 10 25 0.0578779
85 10 25 0.392519
90 10 25 0.320588
95 10 25 0.164252
55 10 20 -0.675382
60 10 20 -0.471692
65 10 20 0.233665
70 10 20 0.105761
75 10 20 0.0420824
80 10 20 0.0565031
85 10 20 0.380072
90 10 20 0.335342
95 10 20 0.119297
55 10 15 -0.692615
60 10 15 -0.488867
65 10 15 0.215842
70 10 15 0.0931761
75 10 15 0.0396395
80 10 15 0.0578779
85 10 15 0.392519
90 10 15 0.320588
95 10 15 0.164252
55 10 10 -0.73143
60 10 10 -0.554251
65 10 10 0.148655
70 10 10 0.0635918
75 10 10 0.0344377
80 10 10 0.0836687
85 10 10 0.422146
90 10 10 0.370752
95 10 10 0.0901465
55 10 5 -0.835232
60 10 5 -0.706819
65 10 5 0.0316257
70 10 5 0.0181748
75 10 5 0.0752912
80 10 5 0.136334
85 10 5 0.548776
90 10 5 0.465755
95 10 5 0.0923181
55 5 35 -7.09312
60 5 35 -6.61271
65 5 35 -5.95425
70 5 35 -5.02799
75 5 35 -4.1997
80 5 35 -3.32547
85 5 35 -2.58199
90 5 35 -0.662227
95 5 35 -0.618237
55 5 30 -7.03333
60 5 30 -6.60049
65 5 30 -5.95277
70 5 30 -5.05518
75 5 30 -4.24873
80 5 30 -3.43399
85 5 30 -2.56473
90 5 30 -0.958951
95 5 30 -0.564418
55 5 25 -7.04041
60 5 25 -6.58298
65 5 25 -5.93806
70 5 25 -5.05017
75 5 25 -4.27096
80 5 25 -3.4225
85 5 25 -2.613
90 5 25 -0.900053
95 5 25 -0.659684
55 5 20 -7.03189
60 5 20 -6.56875
65 5 20 -5.92154
70 5 20 -5.04207
75 5 20 -4.25759
80 5 20 -3.43046
85 5 20 -2.58582
90 5 20 -0.917318
95 5 20 -0.640731
55 5 15 -7.04041
60 5 15 -6.58298
65 5 15 -5.93806
70 5 15 -5.05017
75 5 15 -4.27096
80 5 15 -3.4225
85 5 15 -2.613
90 5 15 -0.900053
95 5 15 -0.659684
55 5 10 -7.03333
60 5 10 -6.60049
65 5 10 -5.95277
70 5 10 -5.05518
75 5 10 -4.24873
80 5 10 -3.43399
85 5 10 -2.56473
90 5 10 -0.958951
95 5 10 -0.564418
55 5 5 -7.09312
60 5 5 -6.61271
65 5 5 -5.95425
70 5 5 -5.02799
75 5 5 -4.1997
80 5 5 -3.32547
85 5 5 -2.58199
90 5 5 -0.662227
95 5 5 -0.618237
5 35 35 5.36237
10 35 35 5.99005
15 35 35 5.13126
20 35 35 4.62707
25 35 35 4.0185
30 35 35 3.30086
35 35 35 2.341
40 35 35 1.54828
45 35 35 0.715548
5 35 30 5.47743
10 35 30 5.84031
15 35 30 5.32009
20 35 30 4.72342
25 35 30 4.07389
30 35 30 3.30788
35 35 30 2.31397
40 35 30 1.54678
45 35 30 0.812617
5 35 25 5.53654
10 35 25 5.90102
15 35 25 5.29154
20 35 25 4.76043
25 35 25 4.08845
30 35 25 3.31286
35 35 25 2.31152
40 35 25 1.54815
45 35 25 0.807964
5 35 20 5.53676
10 35 20 5.90008
15 35 20 5.30022
20 35 20 4.75002
25 35 20 4.09352
30 35 20 3.3129
35 35 20 2.31283
40 35 20 1.54652
45 35 20 0.811514
5 35 15 5.53654
10 35 15 5.90102
15 35 15 5.29154
20 35 15 4.76043
25 35 15 4.08845
30 35 15 3.31286
35 35 15 2.31152
40 35 15 1.54815
45 35 15 0.807964
5 35 10 5.47743
10 35 10 5.84031
15 35 10 5.32009
20 35 10 4.72342
25 35 10 4.07389
30 35 10 3.30788
35 35 10 2.31397
40 35 10 1.54678
45 35 10 0.812617
5 35 5 5.36237
10 35 5 5.99005
15 35 5 5.13126
20 35 5 4.62707
25 35 5 4.0185
30 35 5 3.30086
35 35 5 2.341
40 35 5 1.54828
45 35 5 0.715548
5 30 35 3.52061
10 30 35 3.77805
15 30 35 3.61343
20 30 35 3.36621
25 30 35 3.19721
30 30 35 2.97412
35 30 35 2.60875
40 30 35 1.36248
45 30 35 1.31501
5 30 30 3.56137
10 30 30 3.66384
15 30 30 3.72064
20 30 30 3.43676
25 30 30 3.21479
30 30 30 2.97662
35 30 30 2.57692
40 30 30 1.33985
45 30 30 1.33606
5 30 25 3.59734
10 30 25 3.68836
15 30 25 3.70604
20 30 25 3.46537
25 30 25 3.23625
30 30 25 2.98391
35 30 25 2.58637
40 30 25 1.3382
45 30 25 1.2862
5 30 20 3.59859
10 30 20 3.6932
15 30 20 3.71556
20 30 20 3.46457
25 30 20 3.24484
30 30 20 2.99047
35 30 20 2.59169
40 30 20 1.33007
45 30 20 1.28041
5 30 15 3.59734
10 30 15 3.68836
15 30 15 3.70604
20 30 15 3.46537
25 30 15 3.23625
30 30 15 2.98391
35 30 15 2.58637
40 30 15 1.3382
45 30 15 1.2862
5 30 10 3.56137
10 30 10 3.66384
15 30 10 3.72064
20 30 10 3.43676
25 30 10 3.21479
30 30 10 2.97662
35 30 10 2.57692
40 30 10 1.33985
45 30 10 1.33606
5 30 5 3.52061
10 30 5 3.77805
15 30 5 3.61343
20 30 5 3.36621
25 30 5 3.19721
30 30 5 2.97412
35 30 5 2.60875
40 30 5 1.36248
45 30 5 1.31501
5 25 35 1.75307
10 25 35 1.94385
15 25 35 1.95086
20 25 35 2.07337
25 25 35 2.26946
30 25 35 2.57676
35 25 35 2.95736
40 25 35 3.14903
45 25 35 0.495845
5 25 30 1.78299
10 25 30 1.89211
15 25 30 1.99515
20 25 30 2.09065
25 25 30 2.2552
30 25 30 2.54874
35 25 30 2.97368
40 25 30 3.17491
45 25 30 0.40533
5 25 25 1.79464
10 25 25 1.89905
15 25 25 1.97931
20 25 25 2.09741
25 25 25 2.26104
30 25 25 2.5649
35 25 25 2.99344
40 25 25 3.2069
45 25 25 0.407977
5 25 20 1.7948
10 25 20 1.89788
15 25 20 1.98092
20 25 20 2.09543
25 25 20 2.26721
30 25 20 2.57129
35 25 20 3.00325
40 25 20 3.22154
45 25 20 0.400191
5 25 15 1.79464
10 25 15 1.89905
15 25 15 1.97931
20 25 15 2.09741
25 25 15 2.26104
30 25 15 2.5649
35 25 15 2.99344
40 25 15 3.2069
45 25 15 0.407977
5 25 10 1.78299
10 25 10 1.89211
15 25 10 1.99515
20 25 10 2.09065
25 25 10 2.2552
30 25 10 2.54874
35 25 10 2.97368
40 25 10 3.17491
45 25 10 0.40533
5 25 5 1.75307
10 25 5 1.94385
15 25 5 1.95086
20 25 5 2.07337
25 25 5 2.26946
30 25 5 2.57676
35 25 5 2.95736
40 25 5 3.14903
45 25 5 0.495845
5 20 35 0.00821267
10 20 35 0.0964325
15 20 35 0.267211
20 20 35 0.552102
25 20 35 0.995539
30 20 35 1.68772
35 20 35 2.64103
40 20 35 4.59258
45 20 35 7.91808
5 20 30 0.0138855
10 20 30 0.0942108
15 20 30 0.241879
20 20 30 0.504648
25 20 30 0.935114
30 20 30 1.62248
35 20 30 2.67798
40 20 30 4.67936
45 20 30 8.09798
5 20 25 0.0154906
10 20 25 0.0900162
15 20 25 0.232217
20 20 25 0.4905
25 20 25 0.922494
30 20 25 1.63753
35 20 25 2.70315
40 20 25 4.72747
45 20 25 8.22267
5 20 20 0.0158474
10 20 20 0.0885264
15 20 20 0.22942
20 20 20 0.487238
25 20 20 0.92448
30 20 20 1.64261
35 20 20 2.71386
40 20 20 4.75553
45 20 20 8.26246
5 20 15 0.0154906
10 20 15 0.0900162
15 20 15 0.232217
20 20 15 0.4905
25 20 15 0.922494
30 20 15 1.63753
35 20 15 2.70315
40 20 15 4.72747
45 20 15 8.22267
5 20 10 0.0138855
10 20 10 0.0942108
15 20 10 0.241879
20 20 10 0.504648
25 20 10 0.935114
30 20 10 1.62248
35 20 10 2.67798
40 20 10 4.67936
45 20 10 8.09798
5 20 5 0.00821267
10 20 5 0.0964325
15 20 5 0.267211
20 20 5 0.552102
25 20 5 0.995539
30 20 5 1.68772
35 20 5 2.64103
40 20 5 4.59258
45 20 5 7.91808
5 15 35 -1.76677
10 15 35 -1.82863
15 15 35 -1.57497
20 15 35 -1.26445
25 15 35 -0.772673
30 15 35 -0.0900898
35 15 35 0.972153
40 15 35 2.41944
45 15 35 3.82953
5 15 30 -1.7797
10 15 30 -1.77434
15 15 30 -1.66104
20 15 30 -1.36284
25 15 30 -0.871907
30 15 30 -0.166366
35 15 30 0.970599
40 15 30 2.48328
45 15 30 3.94314
5 15 25 -1.78724
10 15 25 -1.78885
15 15 25 -1.66379
20 15 25 -1.40012
25 15 25 -0.903202
30 15 25 -0.173099
35 15 25 0.989579
40 15 25 2.51062
45 15 25 3.99263
5 15 20 -1.78636
10 15 20 -1.79037
15 15 20 -1.67143
20 15 20 -1.40486
25 15 20 -0.910455
30 15 20 -0.174088
35 15 20 0.993057
40 15 20 2.51969
45 15 20 4.0125
5 15 15 -1.78724
10 15 15 -1.78885
15 15 15 -1.66379
20 15 15 -1.40012
25 15 15 -0.903202
30 15 15 -0.173099
35 15 15 0.989579
40 15 15 2.51062
45 15 15 3.99263
5 15 10 -1.7797
10 15 10 -1.77434
15 15 10 -1.66104
20 15 10 -1.36284
25 15 10 -0.871907
30 15 10 -0.166366
35 15 10 0.970599
40 15 10 2.48328
45 15 10 3.94314
5 15 5 -1.76677
10 15 5 -1.82863
15 15 5 -1.57497
20 15 5 -1.26445
25 15 5 -0.772673
30 15 5 -0.0900898
35 15 5 0.972153
40 15 5 2.41944
45 15 5 3.82953
5 10 35 -3.58575
10 10 35 -3.83211
15 10 35 -3.61644
20 10 35 -3.29517
25 10 35 -3.00302
30 10 35 -2.63979
35 10 35 -2.23416
40 10 35 -2.01527
45 10 35 -1.84337
5 10 30 -3.60015
10 10 30 -3.70276
15 10 30 -3.74674
20 10 30 -3.42429
25 10 30 -3.11001
30 10 30 -2.71593
35 10 30 -2.26877
40 10 30 -2.00339
45 10 30 -1.76681
5 10 25 -3.62896
10 10 25 -3.73201
15 10 25 -3.74974
20 10 25 -3.48686
25 10 25 -3.16744
30 10 25 -2.7571
35 10 25 -2.29298
40 10 25 -2.01681
45 10 25 -1.77505
5 10 20 -3.62869
10 10 20 -3.73939
15 10 20 -3.7664
20 10 20 -3.49516
25 10 20 -3.18655
30 10 20 -2.76958
35 10 20 -2.30192
40 10 20 -2.02728
45 10 20 -1.78281
5 10 15 -3.62896
10 10 15 -3.73201
15 10 15 -3.74974
20 10 15 -3.48686
25 10 15 -3.16744
30 10 15 -2.7571
35 10 15 -2.29298
40 10 15 -2.01681
45 10 15 -1.77505
5 10 10 -3.60015
10 10 10 -3.70276
15 10 10 -3.74674
20 10 10 -3.42429
25 10 10 -3.11001
30 10 10 -2.71593
35 10 10 -2.26877
40 10 10 -2.00339
45 10 10 -1.76681
5 10 5 -3.58575
10 10 5 -3.83211
15 10 5 -3.61644
20 10 5 -3.29517
25 10 5 -3.00302
30 10 5 -2.63979
35 10 5 -2.23416
40 10 5 -2.01527
45 10 5 -1.84337
5 5 35 -5.40616
10 5 35 -6.12809
15 5 35 -5.4832
20 5 35 -5.35288
25 5 35 -5.35882
30 5 35 -5.54878
35 5 35 -5.9539
40 5 35 -6.50401
45 5 35 -6.90189
5 5 30 -5.48517
10 5 30 -5.95458
15 5 30 -5.68021
20 5 30 -5.49492
25 5 30 -5.49297
30 5 30 -5.66023
35 5 30 -6.05034
40 5 30 -6.57319
45 5 30 -6.9212
5 5 25 -5.53744
10 5 25 -6.02258
15 5 25 -5.67631
20 5 25 -5.57655
25 5 25 -5.56779
30 5 25 -5.73331
35 5 25 -6.10967
40 5 25 -6.61812
45 5 25 -6.9524
5 5 20 -5.53847
10 5 20 -6.02767
15 5 20 -5.69699
20 5 20 -5.58373
25 5 20 -5.59477
30 5 20 -5.75473
35 5 20 -6.12884
40 5 20 -6.63142
45 5 20 -6.95991
5 5 15 -5.53744
10 5 15 -6.02258
15 5 15 -5.67631
20 5 15 -5.57655
25 5 15 -5.56779
30 5 15 -5.73331
35 5 15 -6.10967
40 5 15 -6.61812
45 5 15 -6.9524
5 5 10 -5.48517
10 5 10 -5.95458
15 5 10 -5.68021
20 5 10 -5.49492
25 5 10 -5.49297
30 5 10 -5.66023
35 5 10 -6.05034
40 5 10 -6.57319
45 5 10 -6.9212
5 5 5 -5.40616
10 5 5 -6.12809
15 5 5 -5.4832
20 5 5 -5.35288
25 5 5 -5.35882
30 5 5 -5.54878
35 5 5 -5.9539
40 5 5 -6.50401
45 5 5 -6.90189
