50 20 40 0.00247824
100 20 40 0.0167633
100 20 0 0.0167633
50 20 0 0.00247824
100 0 40 0.0178955
100 0 0 0.0178955
50 0 0 0.0033518
50 0 40 0.0033518
0 40 40 3.50742e-24
50 40 40 0.00245529
50 40 0 0.00245529
0 40 0 3.50742e-24
0 0 0 3.45648e-24
0 0 40 3.45648e-24
55 20 40 0.00350156
60 20 40 0.0045696
65 20 40 0.00579255
70 20 40 0.00713352
75 20 40 0.00858968
80 20 40 0.0101409
85 20 40 0.0117692
90 20 40 0.0134433
95 20 40 0.0151199
100 20 35 0.0167748
100 20 30 0.0167838
100 20 25 0.0167896
100 20 20 0.0167908
100 20 15 0.0167896
100 20 10 0.0167838
100 20 5 0.0167748
95 20 0 0.0151199
90 20 0 0.0134433
85 20 0 0.0117692
80 20 0 0.0101409
75 20 0 0.00858968
70 20 0 0.00713352
65 20 0 0.00579255
60 20 0 0.0045696
55 20 0 0.00350156
50 20 5 0.00250978
50 20 10 0.00255276
50 20 15 0.00257759
50 20 20 0.00258589
50 20 25 0.00257759
50 20 30 0.00255276
50 20 35 0.00250978
95 0 40 0.0154534
90 0 40 0.0137849
85 0 40 0.01212
80 0 40 0.0105468
75 0 40 0.00904251
70 0 40 0.00763605
65 0 40 0.00634264
60 0 40 0.00518538
55 0 40 0.00418316
100 0 5 0.0174979
100 0 10 0.0175134
100 0 15 0.0175044
100 0 20 0.0175079
100 0 25 0.0175044
100 0 30 0.0175134
100 0 35 0.0174979
55 0 0 0.00418316
60 0 0 0.00518538
65 0 0 0.00634264
70 0 0 0.00763605
75 0 0 0.00904251
80 0 0 0.0105468
85 0 0 0.01212
90 0 0 0.0137849
95 0 0 0.0154534
50 0 35 0.0034334
50 0 30 0.00349553
50 0 25 0.00352858
50 0 20 0.00353871
50 0 15 0.00352858
50 0 10 0.00349553
50 0 5 0.0034334
50 5 0 0.00286665
50 10 0 0.00253883
50 15 0 0.00242891
50 15 40 0.00242891
50 10 40 0.00253883
50 5 40 0.00286665
100 5 0 0.0169381
100 10 0 0.0166321
100 15 0 0.0166003
100 15 40 0.0166003
100 10 40 0.0166321
100 5 40 0.0169381
5 40 40 0.000283696
10 40 40 0.000467323
15 40 40 0.000676957
20 40 40 0.000908462
25 40 40 0.00116745
30 40 40 0.00144665
35 40 40 0.00173137
40 40 40 0.00200255
45 40 40 0.00223947
50 40 35 0.00244613
50 40 30 0.0024463
50 40 25 0.00245152
50 40 20 0.0024545
50 40 15 0.00245152
50 40 10 0.0024463
50 40 5 0.00244613
45 40 0 0.00223947
40 40 0 0.00200255
35 40 0 0.00173137
30 40 0 0.00144665
25 40 0 0.00116745
20 40 0 0.000908462
15 40 0 0.000676957
10 40 0 0.000467323
5 40 0 0.000283696
0 40 5 2.8951e-24
0 40 10 2.92564e-24
0 40 15 2.99966e-24
0 40 20 3.01822e-24
0 40 25 2.99966e-24
0 40 30 2.92564e-24
0 40 35 2.8951e-24
45 0 40 0.00268518
40 0 40 0.00216432
35 0 40 0.00175315
30 0 40 0.0014175
25 0 40 0.00113175
20 0 40 0.000880935
15 0 40 0.00065966
10 0 40 0.000457821
5 0 40 0.000278803
5 0 0 0.000278803
10 0 0 0.000457821
15 0 0 0.00065966
20 0 0 0.000880935
25 0 0 0.00113175
30 0 0 0.0014175
35 0 0 0.00175315
40 0 0 0.00216432
45 0 0 0.00268518
0 0 35 2.82064e-24
0 0 30 2.83294e-24
0 0 25 2.90222e-24
0 0 20 2.92007e-24
0 0 15 2.90222e-24
0 0 10 2.83294e-24
0 0 5 2.82064e-24
0 35 0 2.41117e-24
0 30 0 1.52358e-24
0 25 0 7.47746e-25
0 20 0 1.32885e-25
0 15 0 8.14396e-25
0 10 0 1.57966e-24
0 5 0 2.42538e-24
0 5 40 2.42538e-24
0 10 40 1.57966e-24
0 15 40 8.14396e-25
0 20 40 1.32885e-25
0 25 40 7.47746e-25
0 30 40 1.52358e-24
0 35 40 2.41117e-24
50 25 0 0.0023116
50 30 0 0.0023113
50 35 0 0.00236329
50 35 40 0.00236329
50 30 40 0.0023113
50 25 40 0.0023116
55 20 35 0.0035988
60 20 35 0.00467559
65 20 35 0.00589501
70 20 35 0.00722722
75 20 35 0.00867062
80 20 35 0.0102069
85 20 35 0.0118175
90 20 35 0.0134734
95 20 35 0.0151354
55 20 30 0.00367175
60 20 30 0.00475044
65 20 30 0.0059671
70 20 30 0.00729317
75 20 30 0.00872719
80 20 30 0.0102521
85 20 30 0.0118501
90 20 30 0.0134938
95 20 30 0.0151468
55 20 25 0.0037079
60 20 25 0.00479057
65 20 25 0.0060068
70 20 25 0.00732934
75 20 25 0.00875851
80 20 25 0.0102771
85 20 25 0.0118682
90 20 25 0.0135059
95 20 25 0.0151547
55 20 20 0.00371962
60 20 20 0.00480304
65 20 20 0.00601935
70 20 20 0.00734098
75 20 20 0.00876852
80 20 20 0.0102852
85 20 20 0.0118741
90 20 20 0.0135096
95 20 20 0.0151569
55 20 15 0.0037079
60 20 15 0.00479057
65 20 15 0.0060068
70 20 15 0.00732934
75 20 15 0.00875851
80 20 15 0.0102771
85 20 15 0.0118682
90 20 15 0.0135059
95 20 15 0.0151547
55 20 10 0.00367175
60 20 10 0.00475044
65 20 10 0.0059671
70 20 10 0.00729317
75 20 10 0.00872719
80 20 10 0.0102521
85 20 10 0.0118501
90 20 10 0.0134938
95 20 10 0.0151468
55 20 5 0.0035988
60 20 5 0.00467559
65 20 5 0.00589501
70 20 5 0.00722722
75 20 5 0.00867062
80 20 5 0.0102069
85 20 5 0.0118175
90 20 5 0.0134734
95 20 5 0.0151354
55 0 35 0.00427625
60 0 35 0.0052834
65 0 35 0.00643947
70 0 35 0.00772583
75 0 35 0.00912286
80 0 35 0.0106141
85 0 35 0.0121763
90 0 35 0.013818
95 0 35 0.0154938
55 0 30 0.00434372
60 0 30 0.00535274
65 0 30 0.00650684
70 0 30 0.00778852
75 0 30 0.00917891
80 0 30 0.0106605
85 0 30 0.0122158
90 0 30 0.013839
95 0 30 0.0154914
55 0 25 0.00437948
60 0 25 0.00538983
65 0 25 0.0065437
70 0 25 0.00782337
75 0 25 0.00920982
80 0 25 0.0106874
85 0 25 0.0122344
90 0 25 0.0138526
95 0 25 0.0154946
55 0 20 0.00439063
60 0 20 0.00540163
65 0 20 0.00655551
70 0 20 0.00783449
75 0 20 0.00922001
80 0 20 0.0106954
85 0 20 0.0122414
90 0 20 0.0138556
95 0 20 0.0154983
55 0 15 0.00437948
60 0 15 0.00538983
65 0 15 0.0065437
70 0 15 0.00782337
75 0 15 0.00920982
80 0 15 0.0106874
85 0 15 0.0122344
90 0 15 0.0138526
95 0 15 0.0154946
55 0 10 0.00434372
60 0 10 0.00535274
65 0 10 0.00650684
70 0 10 0.00778852
75 0 10 0.00917891
80 0 10 0.0106605
85 0 10 0.0122158
90 0 10 0.013839
95 0 10 0.0154914
55 0 5 0.00427625
60 0 5 0.0052834
65 0 5 0.00643947
70 0 5 0.00772583
75 0 5 0.00912286
80 0 5 0.0106141
85 0 5 0.0121763
90 0 5 0.013818
95 0 5 0.0154938
50 15 35 0.00251927
50 15 30 0.00256953
50 15 25 0.00259809
50 15 20 0.00260726
50 15 15 0.00259809
50 15 10 0.00256953
50 15 5 0.00251927
50 10 35 0.00265685
50 10 30 0.00271429
50 10 25 0.00274612
50 10 20 0.00275614
50 10 15 0.00274612
50 10 10 0.00271429
50 10 5 0.00265685
50 5 35 0.00296722
50 5 30 0.00302976
50 5 25 0.00306196
50 5 20 0.00307195
50 5 15 0.00306196
50 5 10 0.00302976
50 5 5 0.00296722
100 15 35 0.0166086
100 15 30 0.0166215
100 15 25 0.016627
100 15 20 0.0166289
100 15 15 0.016627
100 15 10 0.0166215
100 15 5 0.0166086
100 10 35 0.0166444
100 10 30 0.0166474
100 10 25 0.0166505
100 10 20 0.0166541
100 10 15 0.0166505
100 10 10 0.0166474
100 10 5 0.0166444
100 5 35 0.0169262
100 5 30 0.0168954
100 5 25 0.0169069
100 5 20 0.016906
100 5 15 0.0169069
100 5 10 0.0168954
100 5 5 0.0169262
55 15 40 0.00323117
60 15 40 0.00429685
65 15 40 0.00549414
70 15 40 0.00683656
75 15 40 0.00829822
80 15 40 0.009863
85 15 40 0.0115113
90 15 40 0.0132182
95 15 40 0.0149329
55 10 40 0.00331651
60 10 40 0.0043162
65 10 40 0.00549972
70 10 40 0.00682764
75 10 40 0.0082827
80 10 40 0.00984214
85 10 40 0.0114813
90 10 40 0.013191
95 10 40 0.014949
55 5 40 0.00364998
60 5 40 0.00462745
65 5 40 0.00578603
70 5 40 0.00709586
75 5 40 0.00853088
80 5 40 0.0100658
85 5 40 0.0116861
90 5 40 0.0133518
95 5 40 0.015146
55 15 0 0.00323117
60 15 0 0.00429685
65 15 0 0.00549414
70 15 0 0.00683656
75 15 0 0.00829822
80 15 0 0.009863
85 15 0 0.0115113
90 15 0 0.0132182
95 15 0 0.0149329
55 10 0 0.00331651
60 10 0 0.0043162
65 10 0 0.00549972
70 10 0 0.00682764
75 10 0 0.0082827
80 10 0 0.00984214
85 10 0 0.0114813
90 10 0 0.013191
95 10 0 0.014949
55 5 0 0.00364998
60 5 0 0.00462745
65 5 0 0.00578603
70 5 0 0.00709586
75 5 0 0.00853088
80 5 0 0.0100658
85 5 0 0.0116861
90 5 0 0.0133518
95 5 0 0.015146
5 40 35 0.000244632
10 40 35 0.000458458
15 40 35 0.000682259
20 40 35 0.000924146
25 40 35 0.001186
30 40 35 0.00146297
35 40 35 0.00174029
40 40 35 0.00200314
45 40 35 0.00223337
5 40 30 0.000249582
10 40 30 0.000457292
15 40 30 0.000686355
20 40 30 0.000931905
25 40 30 0.00119478
30 40 30 0.00147001
35 40 30 0.00174363
40 40 30 0.00200234
45 40 30 0.00223183
5 40 25 0.000252024
10 40 25 0.000460326
15 40 25 0.000689001
20 40 25 0.000935423
25 40 25 0.00119883
30 40 25 0.00147375
35 40 25 0.00174663
40 40 25 0.00200498
45 40 25 0.0022349
5 40 20 0.000253467
10 40 20 0.000461288
15 40 20 0.000690162
20 40 20 0.000936573
25 40 20 0.00120008
30 40 20 0.00147504
35 40 20 0.0017479
40 40 20 0.00200642
45 40 20 0.00223695
5 40 15 0.000252024
10 40 15 0.000460326
15 40 15 0.000689001
20 40 15 0.000935423
25 40 15 0.00119883
30 40 15 0.00147375
35 40 15 0.00174663
40 40 15 0.00200498
45 40 15 0.0022349
5 40 10 0.000249582
10 40 10 0.000457292
15 40 10 0.000686355
20 40 10 0.000931905
25 40 10 0.00119478
30 40 10 0.00147001
35 40 10 0.00174363
40 40 10 0.00200234
45 40 10 0.00223183
5 40 5 0.000244632
10 40 5 0.000458458
15 40 5 0.000682259
20 40 5 0.000924146
25 40 5 0.001186
30 40 5 0.00146297
35 40 5 0.00174029
40 40 5 0.00200314
45 40 5 0.00223337
5 0 35 0.000236186
10 0 35 0.000442873
15 0 35 0.000657626
20 0 35 0.000890607
25 0 35 0.00114962
30 0 35 0.00144411
35 0 35 0.00179039
40 0 35 0.00221526
45 0 35 0.00275147
5 0 30 0.000239981
10 0 30 0.000439784
15 0 30 0.000661023
20 0 30 0.000901116
25 0 30 0.00116771
30 0 30 0.00147016
35 0 30 0.00182532
40 0 30 0.00225996
45 0 30 0.00280582
5 0 25 0.000242291
10 0 25 0.000442967
15 0 25 0.000664906
20 0 25 0.000908363
25 0 25 0.00117925
30 0 25 0.00148618
35 0 25 0.00184581
40 0 25 0.00228482
45 0 25 0.00283493
5 0 20 0.000243758
10 0 20 0.000444133
15 0 20 0.000666735
20 0 20 0.000910977
25 0 20 0.00118315
30 0 20 0.00149148
35 0 20 0.00185245
40 0 20 0.00229274
45 0 20 0.00284402
5 0 15 0.000242291
10 0 15 0.000442967
15 0 15 0.000664906
20 0 15 0.000908363
25 0 15 0.00117925
30 0 15 0.00148618
35 0 15 0.00184581
40 0 15 0.00228482
45 0 15 0.00283493
5 0 10 0.000239981
10 0 10 0.000439784
15 0 10 0.000661023
20 0 10 0.000901116
25 0 10 0.00116771
30 0 10 0.00147016
35 0 10 0.00182532
40 0 10 0.00225996
45 0 10 0.00280582
5 0 5 0.000236186
10 0 5 0.000442873
15 0 5 0.000657626
20 0 5 0.000890607
25 0 5 0.00114962
30 0 5 0.00144411
35 0 5 0.00179039
40 0 5 0.00221526
45 0 5 0.00275147
0 35 35 1.77762e-24
0 35 30 1.73423e-24
0 35 25 1.75729e-24
0 35 20 1.76156e-24
0 35 15 1.75729e-24
0 35 10 1.73423e-24
0 35 5 1.77762e-24
0 30 35 1.08779e-24
0 30 30 1.04447e-24
0 30 25 1.05337e-24
0 30 20 1.05397e-24
0 30 15 1.05337e-24
0 30 10 1.04447e-24
0 30 5 1.08779e-24
0 25 35 5.28255e-25
0 25 30 5.06578e-25
0 25 25 5.12492e-25
0 25 20 5.13272e-25
0 25 15 5.12492e-25
0 25 10 5.06578e-25
0 25 5 5.28255e-25
0 20 35 5.03855e-26
0 20 30 1.83116e-26
0 20 25 3.70772e-26
0 20 20 4.31823e-26
0 20 15 3.70772e-26
0 20 10 1.83116e-26
0 20 5 5.03855e-26
0 15 35 5.62705e-25
0 15 30 5.26455e-25
0 15 25 5.27199e-25
0 15 20 5.26434e-25
0 15 15 5.27199e-25
0 15 10 5.26455e-25
0 15 5 5.62705e-25
0 10 35 1.11336e-24
0 10 30 1.05391e-24
0 10 25 1.05699e-24
0 10 20 1.056e-24
0 10 15 1.05699e-24
0 10 10 1.05391e-24
0 10 5 1.11336e-24
0 5 35 1.76798e-24
0 5 30 1.70809e-24
0 5 25 1.72573e-24
0 5 20 1.72876e-24
0 5 15 1.72573e-24
0 5 10 1.70809e-24
0 5 5 1.76798e-24
50 35 35 0.00235142
50 35 30 0.00235469
50 35 25 0.00236356
50 35 20 0.00236756
50 35 15 0.00236356
50 35 10 0.00235469
50 35 5 0.00235142
50 30 35 0.00228902
50 30 30 0.00230179
50 30 25 0.00231505
50 30 20 0.00232033
50 30 15 0.00231505
50 30 10 0.00230179
50 30 5 0.00228902
50 25 35 0.00228805
50 25 30 0.00231307
50 25 25 0.00233165
50 25 20 0.00233826
50 25 15 0.00233165
50 25 10 0.00231307
50 25 5 0.00228805
5 35 40 0.000183673
10 35 40 0.000339052
15 35 40 0.000514482
20 35 40 0.000728108
25 35 40 0.000980197
30 35 40 0.00126739
35 35 40 0.00157677
40 35 40 0.00187869
45 35 40 0.00214558
5 30 40 0.000116662
10 30 40 0.000224806
15 30 40 0.00038219
20 30 40 0.000587115
25 30 40 0.000840006
30 30 40 0.00113599
35 30 40 0.00146325
40 30 40 0.00180601
45 30 40 0.00209928
5 25 40 5.61431e-05
10 25 40 0.000135471
15 25 40 0.000280002
20 25 40 0.000479716
25 25 40 0.000728056
30 25 40 0.00102119
35 25 40 0.00135658
40 25 40 0.00172156
45 25 40 0.00211658
5 20 40 5.53726e-06
10 20 40 8.74327e-05
15 20 40 0.000228043
20 20 40 0.000418168
25 20 40 0.000652119
30 20 40 0.000928379
35 20 40 0.00124663
40 20 40 0.00161242
45 20 40 0.00202143
5 15 40 6.0437e-05
10 15 40 0.000131285
15 15 40 0.000259098
20 15 40 0.000433861
25 15 40 0.000647414
30 15 40 0.000897174
35 15 40 0.0011848
40 15 40 0.00151685
45 15 40 0.00190145
5 10 40 0.000120826
10 10 40 0.000223087
15 10 40 0.000362685
20 10 40 0.000536312
25 10 40 0.000743124
30 10 40 0.000980613
35 10 40 0.00125162
40 10 40 0.00156825
45 10 40 0.00197158
5 5 40 0.000185681
10 5 40 0.00033763
15 5 40 0.000503119
20 5 40 0.000697288
25 5 40 0.00092076
30 5 40 0.00117616
35 5 40 0.00146938
40 5 40 0.00182097
45 5 40 0.00227112
5 35 0 0.000183673
10 35 0 0.000339052
15 35 0 0.000514482
20 35 0 0.000728108
25 35 0 0.000980197
30 35 0 0.00126739
35 35 0 0.00157677
40 35 0 0.00187869
45 35 0 0.00214558
5 30 0 0.000116662
10 30 0 0.000224806
15 30 0 0.00038219
20 30 0 0.000587115
25 30 0 0.000840006
30 30 0 0.00113599
35 30 0 0.00146325
40 30 0 0.00180601
45 30 0 0.00209928
5 25 0 5.61431e-05
10 25 0 0.000135471
15 25 0 0.000280002
20 25 0 0.000479716
25 25 0 0.000728056
30 25 0 0.00102119
35 25 0 0.00135658
40 25 0 0.00172156
45 25 0 0.00211658
5 20 0 5.53726e-06
10 20 0 8.74327e-05
15 20 0 0.000228043
20 20 0 0.000418168
25 20 0 0.000652119
30 20 0 0.000928379
35 20 0 0.00124663
40 20 0 0.00161242
45 20 0 0.00202143
5 15 0 6.0437e-05
10 15 0 0.000131285
15 15 0 0.000259098
20 15 0 0.000433861
25 15 0 0.000647414
30 15 0 0.000897174
35 15 0 0.0011848
40 15 0 0.00151685
45 15 0 0.00190145
5 10 0 0.000120826
10 10 0 0.000223087
15 10 0 0.000362685
20 10 0 0.000536312
25 10 0 0.000743124
30 10 0 0.000980613
35 10 0 0.00125162
40 10 0 0.00156825
45 10 0 0.00197158
5 5 0 0.000185681
10 5 0 0.00033763
15 5 0 0.000503119
20 5 0 0.000697288
25 5 0 0.00092076
30 5 0 0.00117616
35 5 0 0.00146938
40 5 0 0.00182097
45 5 0 0.00227112
55 15 35 0.0033444
60 15 35 0.00441448
65 15 35 0.00560518
70 15 35 0.00693605
75 15 35 0.00838363
80 15 35 0.00993198
85 15 35 0.0115622
90 15 35 0.0132492
95 15 35 0.0149481
55 15 30 0.00341082
60 15 30 0.00449145
65 15 30 0.00567981
70 15 30 0.00700415
75 15 30 0.00844244
80 15 30 0.00997961
85 15 30 0.0115974
90 15 30 0.0132721
95 15 30 0.0149621
55 15 25 0.00344751
60 15 25 0.00453311
65 15 25 0.00572156
70 15 25 0.00704301
75 15 25 0.00847626
80 15 25 0.0100072
85 15 25 0.011618
90 15 25 0.0132855
95 15 25 0.0149701
55 15 20 0.00345888
60 15 20 0.00454627
65 15 20 0.00573497
70 15 20 0.00705556
75 15 20 0.0084873
80 15 20 0.0100162
85 15 20 0.0116248
90 15 20 0.0132902
95 15 20 0.0149731
55 15 15 0.00344751
60 15 15 0.00453311
65 15 15 0.00572156
70 15 15 0.00704301
75 15 15 0.00847626
80 15 15 0.0100072
85 15 15 0.011618
90 15 15 0.0132855
95 15 15 0.0149701
55 15 10 0.00341082
60 15 10 0.00449145
65 15 10 0.00567981
70 15 10 0.00700415
75 15 10 0.00844244
80 15 10 0.00997961
85 15 10 0.0115974
90 15 10 0.0132721
95 15 10 0.0149621
55 15 5 0.0033444
60 15 5 0.00441448
65 15 5 0.00560518
70 15 5 0.00693605
75 15 5 0.00838363
80 15 5 0.00993198
85 15 5 0.0115622
90 15 5 0.0132492
95 15 5 0.0149481
55 10 35 0.00344314
60 10 35 0.00443962
65 10 35 0.00561476
70 10 35 0.00693036
75 10 35 0.00837067
80 10 35 0.00991343
85 10 35 0.0115356
90 10 35 0.0132251
95 10 35 0.0149607
55 10 30 0.00350916
60 10 30 0.00451185
65 10 30 0.00568656
70 10 30 0.0069962
75 10 30 0.00842811
80 10 30 0.00996053
85 10 30 0.0115713
90 10 30 0.0132475
95 10 30 0.0149676
55 10 25 0.00354665
60 10 25 0.00455309
65 10 25 0.00572831
70 10 25 0.00703534
75 10 25 0.00846258
80 10 25 0.00998907
85 10 25 0.0115931
90 10 25 0.0132627
95 10 25 0.014976
55 10 20 0.00355852
60 10 20 0.00456627
65 10 20 0.00574178
70 10 20 0.0070481
75 10 20 0.00847391
80 10 20 0.00999849
85 10 20 0.0116004
90 10 20 0.0132678
95 10 20 0.0149799
55 10 15 0.00354665
60 10 15 0.00455309
65 10 15 0.00572831
70 10 15 0.00703534
75 10 15 0.00846258
80 10 15 0.00998907
85 10 15 0.0115931
90 10 15 0.0132627
95 10 15 0.014976
55 10 10 0.00350916
60 10 10 0.00451185
65 10 10 0.00568656
70 10 10 0.0069962
75 10 10 0.00842811
80 10 10 0.00996053
85 10 10 0.0115713
90 10 10 0.0132475
95 10 10 0.0149676
55 10 5 0.00344314
60 10 5 0.00443962
65 10 5 0.00561476
70 10 5 0.00693036
75 10 5 0.00837067
80 10 5 0.00991343
85 10 5 0.0115356
90 10 5 0.0132251
95 10 5 0.0149607
55 5 35 0.00376113
60 5 35 0.00474126
65 5 35 0.00589424
70 5 35 0.00719433
75 5 35 0.00861626
80 5 35 0.0101374
85 5 35 0.0117398
90 5 35 0.0133956
95 5 35 0.0151374
55 5 30 0.00383048
60 5 30 0.00481353
65 5 30 0.00596576
70 5 30 0.00726101
75 5 30 0.00867498
80 5 30 0.0101868
85 5 30 0.0117777
90 5 30 0.0134204
95 5 30 0.0151464
55 5 25 0.00386695
60 5 25 0.00485296
65 5 25 0.00600564
70 5 25 0.00729883
75 5 25 0.00870884
80 5 25 0.0102151
85 5 25 0.0118
90 5 25 0.0134354
95 5 25 0.0151556
55 5 20 0.00387834
60 5 20 0.00486537
65 5 20 0.00601839
70 5 20 0.00731107
75 5 20 0.00871983
80 5 20 0.0102244
85 5 20 0.0118071
90 5 20 0.0134408
95 5 20 0.0151589
55 5 15 0.00386695
60 5 15 0.00485296
65 5 15 0.00600564
70 5 15 0.00729883
75 5 15 0.00870884
80 5 15 0.0102151
85 5 15 0.0118
90 5 15 0.0134354
95 5 15 0.0151556
55 5 10 0.00383048
60 5 10 0.00481353
65 5 10 0.00596576
70 5 10 0.00726101
75 5 10 0.00867498
80 5 10 0.0101868
85 5 10 0.0117777
90 5 10 0.0134204
95 5 10 0.0151464
55 5 5 0.00376113
60 5 5 0.00474126
65 5 5 0.00589424
70 5 5 0.00719433
75 5 5 0.00861626
80 5 5 0.0101374
85 5 5 0.0117398
90 5 5 0.0133956
95 5 5 0.0151374
5 35 35 0.000140936
10 35 35 0.000332651
15 35 35 0.000524959
20 35 35 0.000747697
25 35 35 0.00100178
30 35 35 0.00128465
35 35 35 0.0015854
40 35 35 0.00187612
45 35 35 0.00213526
5 35 30 0.000138845
10 35 30 0.000328997
15 35 30 0.000531091
20 35 30 0.000758596
25 35 30 0.00101441
30 35 30 0.00129585
35 35 30 0.00159346
40 35 30 0.00187989
45 35 30 0.00213614
5 35 25 0.000138018
10 35 25 0.000331358
15 35 25 0.000534457
20 35 25 0.000764531
25 35 25 0.00102127
30 35 25 0.00130275
35 35 25 0.00159973
40 35 25 0.0018857
45 35 25 0.00214269
5 35 20 0.000138248
10 35 20 0.000331806
15 35 20 0.000535889
20 35 20 0.000766282
25 35 20 0.0010235
30 35 20 0.00130509
35 35 20 0.00160219
40 35 20 0.0018884
45 35 20 0.00214585
5 35 15 0.000138018
10 35 15 0.000331358
15 35 15 0.000534457
20 35 15 0.000764531
25 35 15 0.00102127
30 35 15 0.00130275
35 35 15 0.00159973
40 35 15 0.0018857
45 35 15 0.00214269
5 35 10 0.000138845
10 35 10 0.000328997
15 35 10 0.000531091
20 35 10 0.000758596
25 35 10 0.00101441
30 35 10 0.00129585
35 35 10 0.00159346
40 35 10 0.00187989
45 35 10 0.00213614
5 35 5 0.000140936
10 35 5 0.000332651
15 35 5 0.000524959
20 35 5 0.000747697
25 35 5 0.00100178
30 35 5 0.00128465
35 35 5 0.0015854
40 35 5 0.00187612
45 35 5 0.00213526
5 30 35 9.1072e-05
10 30 35 0.000228641
15 30 35 0.000401779
20 30 35 0.000612327
25 30 35 0.000864261
30 30 35 0.00115405
35 30 35 0.00147087
40 30 35 0.00180073
45 30 35 0.00207929
5 30 30 9.07658e-05
10 30 30 0.000229483
15 30 30 0.00041156
20 30 30 0.000626738
25 30 30 0.000879697
30 30 30 0.00116802
35 30 30 0.00148205
40 30 30 0.00180964
45 30 30 0.00208673
5 30 25 9.08544e-05
10 30 25 0.000232585
15 30 25 0.000417
20 30 25 0.000634759
25 30 25 0.000888819
30 30 25 0.00117728
35 30 25 0.00149108
40 30 25 0.00181922
45 30 25 0.00209787
5 30 20 9.12078e-05
10 30 20 0.00023353
15 30 20 0.000419006
20 30 20 0.000637314
25 30 20 0.000891869
30 30 20 0.00118052
35 30 20 0.00149452
40 30 20 0.00182312
45 30 20 0.00210245
5 30 15 9.08544e-05
10 30 15 0.000232585
15 30 15 0.000417
20 30 15 0.000634759
25 30 15 0.000888819
30 30 15 0.00117728
35 30 15 0.00149108
40 30 15 0.00181922
45 30 15 0.00209787
5 30 10 9.07658e-05
10 30 10 0.000229483
15 30 10 0.00041156
20 30 10 0.000626738
25 30 10 0.000879697
30 30 10 0.00116802
35 30 10 0.00148205
40 30 10 0.00180964
45 30 10 0.00208673
5 30 5 9.1072e-05
10 30 5 0.000228641
15 30 5 0.000401779
20 30 5 0.000612327
25 30 5 0.000864261
30 30 5 0.00115405
35 30 5 0.00147087
40 30 5 0.00180073
45 30 5 0.00207929
5 25 35 5.0191e-05
10 25 35 0.000155124
15 25 35 0.000309644
20 25 35 0.000511665
25 25 35 0.000757758
30 25 35 0.00104542
35 25 35 0.00137183
40 25 35 0.00172415
45 25 35 0.00210133
5 25 30 5.4562e-05
10 25 30 0.000165105
15 25 30 0.000326065
20 25 30 0.000531202
25 25 30 0.000777778
30 25 30 0.00106413
35 25 30 0.00138838
40 25 30 0.0017391
45 25 30 0.00212147
5 25 25 5.66633e-05
10 25 25 0.000170835
15 25 25 0.000334502
20 25 25 0.000541816
25 25 25 0.000789406
30 25 25 0.00107601
35 25 25 0.00140068
40 25 25 0.00175271
45 25 25 0.00213846
5 25 20 5.74615e-05
10 25 20 0.000172595
15 25 20 0.000337265
20 25 20 0.000545235
25 25 20 0.000793267
30 25 20 0.00108014
35 25 20 0.00140513
40 25 20 0.00175774
45 25 20 0.0021447
5 25 15 5.66633e-05
10 25 15 0.000170835
15 25 15 0.000334502
20 25 15 0.000541816
25 25 15 0.000789406
30 25 15 0.00107601
35 25 15 0.00140068
40 25 15 0.00175271
45 25 15 0.00213846
5 25 10 5.4562e-05
10 25 10 0.000165105
15 25 10 0.000326065
20 25 10 0.000531202
25 25 10 0.000777778
30 25 10 0.00106413
35 25 10 0.00138838
40 25 10 0.0017391
45 25 10 0.00212147
5 25 5 5.0191e-05
10 25 5 0.000155124
15 25 5 0.000309644
20 25 5 0.000511665
25 25 5 0.000757758
30 25 5 0.00104542
35 25 5 0.00137183
40 25 5 0.00172415
45 25 5 0.00210133
5 20 35 2.76093e-05
10 20 35 0.000119547
15 20 35 0.000264906
20 20 35 0.000456214
25 20 35 0.000689747
30 20 35 0.000964189
35 20 35 0.00127905
40 20 35 0.00163946
45 20 35 0.00203808
5 20 30 3.67825e-05
10 20 30 0.000135514
15 20 30 0.000285736
20 20 30 0.000479949
25 20 30 0.000714755
30 20 30 0.000989442
35 20 30 0.00130401
40 20 30 0.00166498
45 20 30 0.00206595
5 20 25 4.08744e-05
10 20 25 0.000143288
15 20 25 0.000296472
20 20 25 0.000492899
25 20 25 0.00072904
30 20 25 0.00100451
35 20 25 0.00131978
40 20 25 0.00168228
45 20 25 0.0020861
5 20 20 4.20551e-05
10 20 20 0.000145628
15 20 20 0.00029981
20 20 20 0.000496995
25 20 20 0.000733676
30 20 20 0.0010095
35 20 20 0.00132516
40 20 20 0.00168829
45 20 20 0.00209287
5 20 15 4.08744e-05
10 20 15 0.000143288
15 20 15 0.000296472
20 20 15 0.000492899
25 20 15 0.00072904
30 20 15 0.00100451
35 20 15 0.00131978
40 20 15 0.00168228
45 20 15 0.0020861
5 20 10 3.67825e-05
10 20 10 0.000135514
15 20 10 0.000285736
20 20 10 0.000479949
25 20 10 0.000714755
30 20 10 0.000989442
35 20 10 0.00130401
40 20 10 0.00166498
45 20 10 0.00206595
5 20 5 2.76093e-05
10 20 5 0.000119547
15 20 5 0.000264906
20 20 5 0.000456214
25 20 5 0.000689747
30 20 5 0.000964189
35 20 5 0.00127905
40 20 5 0.00163946
45 20 5 0.00203808
5 15 35 4.91784e-05
10 15 35 0.00014739
15 15 35 0.00028882
20 15 35 0.000470772
25 15 35 0.000689287
30 15 35 0.000943895
35 15 35 0.00123755
40 15 35 0.00157637
45 15 35 0.00197312
5 15 30 5.24941e-05
10 15 30 0.000156677
15 15 30 0.000306406
20 15 30 0.00049411
25 15 30 0.000716697
30 15 30 0.000974544
35 15 30 0.00127137
40 15 30 0.0016131
45 15 30 0.00201332
5 15 25 5.43704e-05
10 15 25 0.000162598
15 15 25 0.000315841
20 15 25 0.000506994
25 15 25 0.000732129
30 15 25 0.000991876
35 15 25 0.0012902
40 15 25 0.0016334
45 15 25 0.00203618
5 15 20 5.51493e-05
10 15 20 0.000164465
15 15 20 0.000318972
20 15 20 0.000511139
25 15 20 0.00073715
30 15 20 0.000997508
35 15 20 0.00129633
40 15 20 0.00164014
45 15 20 0.00204383
5 15 15 5.43704e-05
10 15 15 0.000162598
15 15 15 0.000315841
20 15 15 0.000506994
25 15 15 0.000732129
30 15 15 0.000991876
35 15 15 0.0012902
40 15 15 0.0016334
45 15 15 0.00203618
5 15 10 5.24941e-05
10 15 10 0.000156677
15 15 10 0.000306406
20 15 10 0.00049411
25 15 10 0.000716697
30 15 10 0.000974544
35 15 10 0.00127137
40 15 10 0.0016131
45 15 10 0.00201332
5 15 5 4.91784e-05
10 15 5 0.00014739
15 15 5 0.00028882
20 15 5 0.000470772
25 15 5 0.000689287
30 15 5 0.000943895
35 15 5 0.00123755
40 15 5 0.00157637
45 15 5 0.00197312
5 10 35 9.0107e-05
10 10 35 0.000220975
15 10 35 0.000378528
20 10 35 0.000563599
25 10 35 0.000779762
30 10 35 0.00102748
35 10 35 0.00131169
40 10 35 0.00164591
45 10 35 0.00207017
5 10 30 8.8533e-05
10 10 30 0.000219856
15 10 30 0.000388185
20 10 30 0.000581581
25 10 30 0.00080444
30 10 30 0.00105829
35 10 30 0.00134852
40 10 30 0.00168887
45 10 30 0.00211979
5 10 25 8.81991e-05
10 10 25 0.000222738
15 10 25 0.000394314
20 10 25 0.000592219
25 10 25 0.000818867
30 10 25 0.0010759
35 10 25 0.00136886
40 10 25 0.00171186
45 10 25 0.0021463
5 10 20 8.84802e-05
10 10 20 0.000223695
15 10 20 0.000396676
20 10 20 0.000595686
25 10 20 0.000823573
30 10 20 0.00108156
35 10 20 0.0013753
40 10 20 0.00171907
45 10 20 0.00215464
5 10 15 8.81991e-05
10 10 15 0.000222738
15 10 15 0.000394314
20 10 15 0.000592219
25 10 15 0.000818867
30 10 15 0.0010759
35 10 15 0.00136886
40 10 15 0.00171186
45 10 15 0.0021463
5 10 10 8.8533e-05
10 10 10 0.000219856
15 10 10 0.000388185
20 10 10 0.000581581
25 10 10 0.00080444
30 10 10 0.00105829
35 10 10 0.00134852
40 10 10 0.00168887
45 10 10 0.00211979
5 10 5 9.0107e-05
10 10 5 0.000220975
15 10 5 0.000378528
20 10 5 0.000563599
25 10 5 0.000779762
30 10 5 0.00102748
35 10 5 0.00131169
40 10 5 0.00164591
45 10 5 0.00207017
5 5 35 0.000138808
10 5 35 0.000324687
15 5 35 0.000506549
20 5 35 0.000712859
25 5 35 0.000945974
30 5 35 0.00121128
35 5 35 0.00151739
40 5 35 0.00188572
45 5 35 0.00235495
5 5 30 0.000135454
10 5 30 0.000318556
15 5 30 0.000511236
20 5 30 0.000725558
25 5 30 0.000966377
30 5 30 0.00123892
35 5 30 0.00155271
40 5 30 0.00192952
45 5 30 0.00240818
5 5 25 0.000134187
10 5 25 0.000320545
15 5 25 0.000515015
20 5 25 0.000733972
25 5 25 0.000978889
30 5 25 0.00125544
35 5 25 0.00157292
40 5 25 0.00195346
45 5 25 0.00243613
5 5 20 0.000134347
10 5 20 0.000321017
15 5 20 0.000516818
20 5 20 0.000736739
25 5 20 0.000983079
30 5 20 0.00126081
35 5 20 0.00157937
40 5 20 0.0019609
45 5 20 0.0024447
5 5 15 0.000134187
10 5 15 0.000320545
15 5 15 0.000515015
20 5 15 0.000733972
25 5 15 0.000978889
30 5 15 0.00125544
35 5 15 0.00157292
40 5 15 0.00195346
45 5 15 0.00243613
5 5 10 0.000135454
10 5 10 0.000318556
15 5 10 0.000511236
20 5 10 0.000725558
25 5 10 0.000966377
30 5 10 0.00123892
35 5 10 0.00155271
40 5 10 0.00192952
45 5 10 0.00240818
5 5 5 0.000138808
10 5 5 0.000324687
15 5 5 0.000506549
20 5 5 0.000712859
25 5 5 0.000945974
30 5 5 0.00121128
35 5 5 0.00151739
40 5 5 0.00188572
45 5 5 0.00235495
