50 20 40 0.000655366 -0.00278258 -0.000102891
100 20 40 0.00295681 -0.0189897 -1.67425e-05
100 20 0 0.00295681 -0.0189897 1.67425e-05
50 20 0 0.000655366 -0.00278258 0.000102891
100 0 40 -0.00488456 -0.0198824 -0.000112862
100 0 0 -0.00488456 -0.0198824 0.000112862
50 0 0 -0.00241966 -0.00305944 -0.000139838
50 0 40 -0.00241966 -0.00305944 0.000139838
0 40 40 3.40298e-24 -4.81725e-25 -4.51641e-25
50 40 40 0.001245 -0.0024968 -2.6827e-05
50 40 0 0.001245 -0.0024968 2.6827e-05
0 40 0 3.40298e-24 -4.81725e-25 4.51641e-25
0 0 0 -3.32884e-24 -4.52335e-25 -4.53928e-25
0 0 40 -3.32884e-24 -4.52335e-25 4.53928e-25
55 20 40 0.00121632 -0.00388966 -0.000154163
60 20 40 0.00158593 -0.00508198 -0.000142158
65 20 40 0.00191338 -0.00644548 -0.000129745
70 20 40 0.00220258 -0.00795715 -0.000111788
75 20 40 0.00245105 -0.00960676 -9.2973e-05
80 20 40 0.0026561 -0.0113732 -7.29588e-05
85 20 40 0.00281173 -0.0132342 -5.28838e-05
90 20 40 0.00290967 -0.0151555 -3.43758e-05
95 20 40 0.00295037 -0.0170877 -2.09658e-05
100 20 35 0.00295682 -0.0189918 -1.40229e-05
100 20 30 0.00295276 -0.0189906 -1.07626e-05
100 20 25 0.00294746 -0.0189885 -5.41641e-06
100 20 20 0.00294534 -0.018987 -5.35575e-17
100 20 15 0.00294746 -0.0189885 5.41641e-06
100 20 10 0.00295276 -0.0189906 1.07626e-05
100 20 5 0.00295682 -0.0189918 1.40229e-05
95 20 0 0.00295037 -0.0170877 2.09658e-05
90 20 0 0.00290967 -0.0151555 3.43758e-05
85 20 0 0.00281173 -0.0132342 5.28838e-05
80 20 0 0.0026561 -0.0113732 7.29588e-05
75 20 0 0.00245105 -0.00960676 9.2973e-05
70 20 0 0.00220258 -0.00795715 0.000111788
65 20 0 0.00191338 -0.00644548 0.000129745
60 20 0 0.00158593 -0.00508198 0.000142158
55 20 0 0.00121632 -0.00388966 0.000154163
50 20 5 0.000638414 -0.00280351 8.0832e-05
50 20 10 0.000633011 -0.00282781 4.74089e-05
50 20 15 0.000631834 -0.0028411 2.17626e-05
50 20 20 0.000631613 -0.00284544 5.81631e-18
50 20 25 0.000631834 -0.0028411 -2.17626e-05
50 20 30 0.000633011 -0.00282781 -4.74089e-05
50 20 35 0.000638414 -0.00280351 -8.0832e-05
95 0 40 -0.00474126 -0.017112 -7.23315e-05
90 0 40 -0.00457066 -0.0151546 2.16786e-05
85 0 40 -0.00444633 -0.013216 4.71457e-05
80 0 40 -0.00428528 -0.0113663 7.28959e-05
75 0 40 -0.00408305 -0.00960334 9.21237e-05
70 0 40 -0.00383407 -0.00795434 0.000109019
65 0 40 -0.0035356 -0.00644547 0.000123186
60 0 40 -0.00319042 -0.00510847 0.000133541
55 0 40 -0.00280933 -0.00397411 0.000139542
100 0 5 -0.00483602 -0.0194491 6.88274e-05
100 0 10 -0.00479921 -0.0194538 1.39036e-05
100 0 15 -0.00479309 -0.0194398 5.89472e-06
100 0 20 -0.0047896 -0.0194394 2.70153e-16
100 0 25 -0.00479309 -0.0194398 -5.89472e-06
100 0 30 -0.00479921 -0.0194538 -1.39036e-05
100 0 35 -0.00483602 -0.0194491 -6.88274e-05
55 0 0 -0.00280933 -0.00397411 -0.000139542
60 0 0 -0.00319042 -0.00510847 -0.000133541
65 0 0 -0.0035356 -0.00644547 -0.000123186
70 0 0 -0.00383407 -0.00795434 -0.000109019
75 0 0 -0.00408305 -0.00960334 -9.21237e-05
80 0 0 -0.00428528 -0.0113663 -7.28959e-05
85 0 0 -0.00444633 -0.013216 -4.71457e-05
90 0 0 -0.00457066 -0.0151546 -2.16786e-05
95 0 0 -0.00474126 -0.017112 7.23315e-05
50 0 35 -0.00242272 -0.00310979 0.000103378
50 0 30 -0.00242895 -0.0031472 6.48251e-05
50 0 25 -0.00243335 -0.00316572 3.05036e-05
50 0 20 -0.00243485 -0.00317117 1.39869e-16
50 0 15 -0.00243335 -0.00316572 -3.05036e-05
50 0 10 -0.00242895 -0.0031472 -6.48251e-05
50 0 5 -0.00242272 -0.00310979 -0.000103378
50 5 0 -0.00159154 -0.00300391 -8.52123e-05
50 10 0 -0.000755947 -0.00295462 -1.9256e-06
50 15 0 5.70222e-05 -0.0028979 8.80552e-05
50 15 40 5.70222e-05 -0.0028979 -8.80552e-05
50 10 40 -0.000755947 -0.00295462 1.9256e-06
50 5 40 -0.00159154 -0.00300391 8.52123e-05
100 5 0 -0.00262048 -0.0192436 -2.11608e-05
100 10 0 -0.000780261 -0.0190495 2.09402e-05
100 15 0 0.00107736 -0.0189997 1.47091e-05
100 15 40 0.00107736 -0.0189997 -1.47091e-05
100 10 40 -0.000780261 -0.0190495 -2.09402e-05
100 5 40 -0.00262048 -0.0192436 2.11608e-05
5 40 40 0.000258743 -9.43255e-05 -6.0561e-05
10 40 40 0.000462082 -0.000216005 -7.7949e-05
15 40 40 0.000652464 -0.000394295 -8.38474e-05
20 40 40 0.000828322 -0.000625003 -8.07983e-05
25 40 40 0.000983749 -0.000905801 -7.31436e-05
30 40 40 0.00110941 -0.00122783 -6.25936e-05
35 40 40 0.0011944 -0.00157281 -5.0054e-05
40 40 40 0.00123601 -0.00191249 -3.87572e-05
45 40 40 0.00124418 -0.00221971 -2.98932e-05
50 40 35 0.00124568 -0.0024914 -2.65646e-05
50 40 30 0.00124533 -0.00249117 -2.28212e-05
50 40 25 0.00124452 -0.00249415 -1.37076e-05
50 40 20 0.00124402 -0.00249593 -5.77808e-17
50 40 15 0.00124452 -0.00249415 1.37076e-05
50 40 10 0.00124533 -0.00249117 2.28212e-05
50 40 5 0.00124568 -0.0024914 2.65646e-05
45 40 0 0.00124418 -0.00221971 2.98932e-05
40 40 0 0.00123601 -0.00191249 3.87572e-05
35 40 0 0.0011944 -0.00157281 5.0054e-05
30 40 0 0.00110941 -0.00122783 6.25936e-05
25 40 0 0.000983749 -0.000905801 7.31436e-05
20 40 0 0.000828322 -0.000625003 8.07983e-05
15 40 0 0.000652464 -0.000394295 8.38474e-05
10 40 0 0.000462082 -0.000216005 7.7949e-05
5 40 0 0.000258743 -9.43255e-05 6.0561e-05
0 40 5 3.08453e-24 -5.29004e-25 1.93962e-25
0 40 10 3.08383e-24 -5.53058e-25 1.18076e-25
0 40 15 3.1146e-24 -5.68326e-25 5.29608e-26
0 40 20 3.12362e-24 -5.72375e-25 -6.01436e-38
0 40 25 3.1146e-24 -5.68326e-25 -5.29608e-26
0 40 30 3.08383e-24 -5.53058e-25 -1.18076e-25
0 40 35 3.08453e-24 -5.29004e-25 -1.93962e-25
45 0 40 -0.00205104 -0.00235401 0.000134643
40 0 40 -0.00172893 -0.00182015 0.000126969
35 0 40 -0.00145898 -0.00140708 0.00011868
30 0 40 -0.00123132 -0.00107177 0.000111845
25 0 40 -0.00102918 -0.00078848 0.000106527
20 0 40 -0.000837757 -0.000547585 0.000101603
15 0 40 -0.000647813 -0.000348752 9.55526e-05
10 0 40 -0.00045419 -0.000192984 8.34584e-05
5 0 40 -0.000252822 -8.59713e-05 6.21819e-05
5 0 0 -0.000252822 -8.59713e-05 -6.21819e-05
10 0 0 -0.00045419 -0.000192984 -8.34584e-05
15 0 0 -0.000647813 -0.000348752 -9.55526e-05
20 0 0 -0.000837757 -0.000547585 -0.000101603
25 0 0 -0.00102918 -0.00078848 -0.000106527
30 0 0 -0.00123132 -0.00107177 -0.000111845
35 0 0 -0.00145898 -0.00140708 -0.00011868
40 0 0 -0.00172893 -0.00182015 -0.000126969
45 0 0 -0.00205104 -0.00235401 -0.000134643
0 0 35 -2.99733e-24 -5.00391e-25 1.97711e-25
0 0 30 -2.98816e-24 -5.23663e-25 1.23396e-25
0 0 25 -3.01735e-24 -5.38983e-25 5.65497e-26
0 0 20 -3.02637e-24 -5.43131e-25 6.29245e-38
0 0 15 -3.01735e-24 -5.38983e-25 -5.65497e-26
0 0 10 -2.98816e-24 -5.23663e-25 -1.23396e-25
0 0 5 -2.99733e-24 -5.00391e-25 -1.97711e-25
0 35 0 2.42282e-24 -1.49006e-25 4.24587e-25
0 30 0 1.51848e-24 -9.79891e-26 2.7387e-25
0 25 0 7.327e-25 -6.68157e-26 1.32139e-25
0 20 0 -2.65878e-26 -5.20195e-26 -7.25504e-27
0 15 0 -7.84182e-25 -4.77558e-26 -1.45237e-25
0 10 0 -1.55833e-24 -6.94517e-26 -2.82643e-25
0 5 0 -2.41978e-24 -1.24708e-25 -4.25565e-25
0 5 40 -2.41978e-24 -1.24708e-25 4.25565e-25
0 10 40 -1.55833e-24 -6.94517e-26 2.82643e-25
0 15 40 -7.84182e-25 -4.77558e-26 1.45237e-25
0 20 40 -2.65878e-26 -5.20195e-26 7.25504e-27
0 25 40 7.327e-25 -6.68157e-26 -1.32139e-25
0 30 40 1.51848e-24 -9.79891e-26 -2.7387e-25
0 35 40 2.42282e-24 -1.49006e-25 -4.24587e-25
50 25 0 0.00058016 -0.00253996 9.85012e-05
50 30 0 0.000758018 -0.00250312 5.37241e-05
50 35 0 0.000978945 -0.00249579 3.70136e-05
50 35 40 0.000978945 -0.00249579 -3.70136e-05
50 30 40 0.000758018 -0.00250312 -5.37241e-05
50 25 40 0.00058016 -0.00253996 -9.85012e-05
55 20 35 0.00120937 -0.00393572 -0.0001082
60 20 35 0.00159145 -0.00513321 -0.00010939
65 20 35 0.00192024 -0.00649429 -9.87441e-05
70 20 35 0.00221022 -0.00800073 -8.6077e-05
75 20 35 0.00245866 -0.00964347 -7.12274e-05
80 20 35 0.00266308 -0.011402 -5.5547e-05
85 20 35 0.00281751 -0.013254 -3.98033e-05
90 20 35 0.00291351 -0.0151665 -2.56789e-05
95 20 35 0.00295155 -0.0170916 -1.61154e-05
55 20 30 0.00120803 -0.00397548 -6.63122e-05
60 20 30 0.00158781 -0.00517423 -6.93181e-05
65 20 30 0.00191839 -0.00653267 -6.47489e-05
70 20 30 0.00220801 -0.00803537 -5.63837e-05
75 20 30 0.00245562 -0.00967261 -4.66787e-05
80 20 30 0.00265872 -0.0114245 -3.61552e-05
85 20 30 0.00281179 -0.0132688 -2.5586e-05
90 20 30 0.00290724 -0.0151737 -1.63237e-05
95 20 30 0.00294603 -0.0170929 -1.0369e-05
55 20 25 0.00120681 -0.00399487 -3.06934e-05
60 20 25 0.00158566 -0.00519587 -3.28991e-05
65 20 25 0.0019152 -0.00655407 -3.13338e-05
70 20 25 0.00220462 -0.00805456 -2.75671e-05
75 20 25 0.00245155 -0.00968884 -2.27815e-05
80 20 25 0.00265372 -0.0114368 -1.75925e-05
85 20 25 0.00280594 -0.0132766 -1.23482e-05
90 20 25 0.00290123 -0.0151768 -7.64853e-06
95 20 25 0.00294049 -0.0170924 -4.57607e-06
55 20 20 0.00120658 -0.00400089 -1.50141e-17
60 20 20 0.00158481 -0.00520257 -3.1099e-17
65 20 20 0.00191405 -0.00656077 -4.30832e-17
70 20 20 0.00220317 -0.00806074 -5.07779e-17
75 20 20 0.00244988 -0.00969403 -5.42956e-17
80 20 20 0.00265174 -0.0114408 -5.47772e-17
85 20 20 0.00280366 -0.0132791 -5.81558e-17
90 20 20 0.00289882 -0.0151775 -5.70999e-17
95 20 20 0.00293818 -0.0170918 -6.31606e-17
55 20 15 0.00120681 -0.00399487 3.06934e-05
60 20 15 0.00158566 -0.00519587 3.28991e-05
65 20 15 0.0019152 -0.00655407 3.13338e-05
70 20 15 0.00220462 -0.00805456 2.75671e-05
75 20 15 0.00245155 -0.00968884 2.27815e-05
80 20 15 0.00265372 -0.0114368 1.75925e-05
85 20 15 0.00280594 -0.0132766 1.23482e-05
90 20 15 0.00290123 -0.0151768 7.64853e-06
95 20 15 0.00294049 -0.0170924 4.57607e-06
55 20 10 0.00120803 -0.00397548 6.63122e-05
60 20 10 0.00158781 -0.00517423 6.93181e-05
65 20 10 0.00191839 -0.00653267 6.47489e-05
70 20 10 0.00220801 -0.00803537 5.63837e-05
75 20 10 0.00245562 -0.00967261 4.66787e-05
80 20 10 0.00265872 -0.0114245 3.61552e-05
85 20 10 0.00281179 -0.0132688 2.5586e-05
90 20 10 0.00290724 -0.0151737 1.63237e-05
95 20 10 0.00294603 -0.0170929 1.0369e-05
55 20 5 0.00120937 -0.00393572 0.0001082
60 20 5 0.00159145 -0.00513321 0.00010939
65 20 5 0.00192024 -0.00649429 9.87441e-05
70 20 5 0.00221022 -0.00800073 8.6077e-05
75 20 5 0.00245866 -0.00964347 7.12274e-05
80 20 5 0.00266308 -0.011402 5.5547e-05
85 20 5 0.00281751 -0.013254 3.98033e-05
90 20 5 0.00291351 -0.0151665 2.56789e-05
95 20 5 0.00295155 -0.0170916 1.61154e-05
55 0 35 -0.0028135 -0.00402752 0.000103339
60 0 35 -0.00319533 -0.00516143 9.9873e-05
65 0 35 -0.00354111 -0.00649514 9.28873e-05
70 0 35 -0.00384042 -0.00799805 8.3066e-05
75 0 35 -0.00409051 -0.00964015 7.07014e-05
80 0 35 -0.00429455 -0.0113947 5.48752e-05
85 0 35 -0.0044564 -0.0132354 3.71425e-05
90 0 35 -0.00459423 -0.0151525 5.42628e-06
95 0 35 -0.00472215 -0.0171269 -2.67044e-05
55 0 30 -0.00281792 -0.00406767 6.47095e-05
60 0 30 -0.00319753 -0.00520207 6.29839e-05
65 0 30 -0.00354147 -0.00653367 5.94448e-05
70 0 30 -0.00383968 -0.00803279 5.38505e-05
75 0 30 -0.00408924 -0.00966977 4.59506e-05
80 0 30 -0.0042929 -0.0114177 3.59147e-05
85 0 30 -0.00445537 -0.0132523 2.18494e-05
90 0 30 -0.00458254 -0.0151594 5.67786e-06
95 0 30 -0.00470976 -0.0171118 -1.53379e-05
55 0 25 -0.00282107 -0.00408783 3.04166e-05
60 0 25 -0.00319913 -0.005223 2.98513e-05
65 0 25 -0.00354151 -0.00655437 2.84671e-05
70 0 25 -0.00383843 -0.00805199 2.59919e-05
75 0 25 -0.00408707 -0.00968627 2.23198e-05
80 0 25 -0.00429012 -0.011431 1.71469e-05
85 0 25 -0.00445035 -0.0132608 1.06266e-05
90 0 25 -0.00457721 -0.015164 2.50652e-06
95 0 25 -0.00469865 -0.017111 -3.85793e-06
55 0 20 -0.00282224 -0.00409385 1.60793e-16
60 0 20 -0.00319976 -0.00522947 1.81824e-16
65 0 20 -0.00354155 -0.00656088 2.02893e-16
70 0 20 -0.00383795 -0.00805808 2.1904e-16
75 0 20 -0.00408622 -0.00969164 2.30093e-16
80 0 20 -0.00428873 -0.0114351 2.43925e-16
85 0 20 -0.00444884 -0.013264 2.46955e-16
90 0 20 -0.00457435 -0.0151652 2.59669e-16
95 0 20 -0.00469706 -0.0171115 2.63365e-16
55 0 15 -0.00282107 -0.00408783 -3.04166e-05
60 0 15 -0.00319913 -0.005223 -2.98513e-05
65 0 15 -0.00354151 -0.00655437 -2.84671e-05
70 0 15 -0.00383843 -0.00805199 -2.59919e-05
75 0 15 -0.00408707 -0.00968627 -2.23198e-05
80 0 15 -0.00429012 -0.011431 -1.71469e-05
85 0 15 -0.00445035 -0.0132608 -1.06266e-05
90 0 15 -0.00457721 -0.015164 -2.50652e-06
95 0 15 -0.00469865 -0.017111 3.85793e-06
55 0 10 -0.00281792 -0.00406767 -6.47095e-05
60 0 10 -0.00319753 -0.00520207 -6.29839e-05
65 0 10 -0.00354147 -0.00653367 -5.94448e-05
70 0 10 -0.00383968 -0.00803279 -5.38505e-05
75 0 10 -0.00408924 -0.00966977 -4.59506e-05
80 0 10 -0.0042929 -0.0114177 -3.59147e-05
85 0 10 -0.00445537 -0.0132523 -2.18494e-05
90 0 10 -0.00458254 -0.0151594 -5.67786e-06
95 0 10 -0.00470976 -0.0171118 1.53379e-05
55 0 5 -0.0028135 -0.00402752 -0.000103339
60 0 5 -0.00319533 -0.00516143 -9.9873e-05
65 0 5 -0.00354111 -0.00649514 -9.28873e-05
70 0 5 -0.00384042 -0.00799805 -8.3066e-05
75 0 5 -0.00409051 -0.00964015 -7.07014e-05
80 0 5 -0.00429455 -0.0113947 -5.48752e-05
85 0 5 -0.0044564 -0.0132354 -3.71425e-05
90 0 5 -0.00459423 -0.0151525 -5.42628e-06
95 0 5 -0.00472215 -0.0171269 2.67044e-05
50 15 35 3.84447e-05 -0.002943 -5.20706e-05
50 15 30 3.23485e-05 -0.00297047 -2.94465e-05
50 15 25 2.94463e-05 -0.0029852 -1.34144e-05
50 15 20 2.87106e-05 -0.00298995 3.12346e-17
50 15 15 2.94463e-05 -0.0029852 1.34144e-05
50 15 10 3.23485e-05 -0.00297047 2.94465e-05
50 15 5 3.84447e-05 -0.002943 5.20706e-05
50 10 35 -0.000765211 -0.00301639 -2.10548e-07
50 10 30 -0.000770891 -0.00304486 9.31899e-07
50 10 25 -0.000773857 -0.0030611 8.67402e-07
50 10 20 -0.000774824 -0.00306618 6.60608e-17
50 10 15 -0.000773857 -0.0030611 -8.67402e-07
50 10 10 -0.000770891 -0.00304486 -9.31899e-07
50 10 5 -0.000765211 -0.00301639 2.10548e-07
50 5 35 -0.00159552 -0.00306024 5.59955e-05
50 5 30 -0.0016002 -0.00309459 3.41726e-05
50 5 25 -0.00160337 -0.00311198 1.66956e-05
50 5 20 -0.00160447 -0.00311732 1.04362e-16
50 5 15 -0.00160337 -0.00311198 -1.66956e-05
50 5 10 -0.0016002 -0.00309459 -3.41726e-05
50 5 5 -0.00159552 -0.00306024 -5.59955e-05
100 15 35 0.00107558 -0.0189991 -1.28459e-05
100 15 30 0.00107174 -0.0189984 -8.86419e-06
100 15 25 0.00106757 -0.0189946 -4.85043e-06
100 15 20 0.00106626 -0.018993 3.20043e-17
100 15 15 0.00106757 -0.0189946 4.85043e-06
100 15 10 0.00107174 -0.0189984 8.86419e-06
100 15 5 0.00107558 -0.0189991 1.28459e-05
100 10 35 -0.000780044 -0.0190532 -6.5791e-06
100 10 30 -0.000788882 -0.019041 -4.41879e-06
100 10 25 -0.000791082 -0.0190338 -4.04558e-06
100 10 20 -0.000792265 -0.0190332 1.09403e-16
100 10 15 -0.000791082 -0.0190338 4.04558e-06
100 10 10 -0.000788882 -0.019041 4.41879e-06
100 10 5 -0.000780044 -0.0190532 6.5791e-06
100 5 35 -0.00266073 -0.0192113 -2.79973e-06
100 5 30 -0.00266703 -0.0191624 -1.1963e-05
100 5 25 -0.00266716 -0.0191613 -3.37542e-06
100 5 20 -0.00266585 -0.0191583 1.85402e-16
100 5 15 -0.00266716 -0.0191613 3.37542e-06
100 5 10 -0.00266703 -0.0191624 1.1963e-05
100 5 5 -0.00266073 -0.0192113 2.79973e-06
55 15 40 0.000157506 -0.0038314 -0.000105889
60 15 40 0.000348601 -0.0050443 -8.80842e-05
65 15 40 0.000517297 -0.00640498 -7.80132e-05
70 15 40 0.000663557 -0.00792343 -6.63441e-05
75 15 40 0.00078785 -0.00957804 -5.46092e-05
80 15 40 0.000890389 -0.0113494 -4.2476e-05
85 15 40 0.000973209 -0.0132156 -3.17173e-05
90 15 40 0.00103387 -0.0151482 -2.25408e-05
95 15 40 0.00106757 -0.0170949 -1.59029e-05
55 10 40 -0.000795341 -0.0038711 -6.53324e-06
60 10 40 -0.000822589 -0.00503009 -1.04375e-05
65 10 40 -0.00082236 -0.00639072 -4.1944e-06
70 10 40 -0.000819771 -0.00790932 -1.72403e-06
75 10 40 -0.000817984 -0.00956633 -1.07584e-07
80 10 40 -0.000815305 -0.0113385 1.77578e-07
85 10 40 -0.000808287 -0.0132009 -2.58386e-08
90 10 40 -0.00078574 -0.0151419 -7.66719e-06
95 10 40 -0.000768713 -0.0171317 -1.23356e-05
55 5 40 -0.00179414 -0.00391835 8.19239e-05
60 5 40 -0.00198353 -0.00505906 7.72516e-05
65 5 40 -0.00215388 -0.00640471 7.04669e-05
70 5 40 -0.00229936 -0.00792073 6.34013e-05
75 5 40 -0.00242228 -0.00957578 5.38638e-05
80 5 40 -0.00252243 -0.0113434 4.29331e-05
85 5 40 -0.00259835 -0.0132042 2.85721e-05
90 5 40 -0.00265335 -0.0151248 1.5014e-05
95 5 40 -0.0026411 -0.0171885 -1.55902e-05
55 15 0 0.000157506 -0.0038314 0.000105889
60 15 0 0.000348601 -0.0050443 8.80842e-05
65 15 0 0.000517297 -0.00640498 7.80132e-05
70 15 0 0.000663557 -0.00792343 6.63441e-05
75 15 0 0.00078785 -0.00957804 5.46092e-05
80 15 0 0.000890389 -0.0113494 4.2476e-05
85 15 0 0.000973209 -0.0132156 3.17173e-05
90 15 0 0.00103387 -0.0151482 2.25408e-05
95 15 0 0.00106757 -0.0170949 1.59029e-05
55 10 0 -0.000795341 -0.0038711 6.53324e-06
60 10 0 -0.000822589 -0.00503009 1.04375e-05
65 10 0 -0.00082236 -0.00639072 4.1944e-06
70 10 0 -0.000819771 -0.00790932 1.72403e-06
75 10 0 -0.000817984 -0.00956633 1.07584e-07
80 10 0 -0.000815305 -0.0113385 -1.77578e-07
85 10 0 -0.000808287 -0.0132009 2.58386e-08
90 10 0 -0.00078574 -0.0151419 7.66719e-06
95 10 0 -0.000768713 -0.0171317 1.23356e-05
55 5 0 -0.00179414 -0.00391835 -8.19239e-05
60 5 0 -0.00198353 -0.00505906 -7.72516e-05
65 5 0 -0.00215388 -0.00640471 -7.04669e-05
70 5 0 -0.00229936 -0.00792073 -6.34013e-05
75 5 0 -0.00242228 -0.00957578 -5.38638e-05
80 5 0 -0.00252243 -0.0113434 -4.29331e-05
85 5 0 -0.00259835 -0.0132042 -2.85721e-05
90 5 0 -0.00265335 -0.0151248 -1.5014e-05
95 5 0 -0.0026411 -0.0171885 1.55902e-05
5 40 35 0.000239986 -0.000101646 -3.37205e-05
10 40 35 0.000454303 -0.000227758 -5.5797e-05
15 40 35 0.000650815 -0.000407946 -6.17533e-05
20 40 35 0.000830234 -0.000638616 -6.09767e-05
25 40 35 0.000987419 -0.000917531 -5.58154e-05
30 40 35 0.00111373 -0.0012362 -4.84723e-05
35 40 35 0.00119853 -0.00157634 -4.0267e-05
40 40 35 0.00123931 -0.00191182 -3.2559e-05
45 40 35 0.00124599 -0.00221568 -2.78918e-05
5 40 30 0.000242312 -0.000106631 -1.92542e-05
10 40 30 0.000451508 -0.000238421 -3.29885e-05
15 40 30 0.000648591 -0.000419482 -3.95043e-05
20 40 30 0.000828631 -0.000650177 -3.9942e-05
25 40 30 0.000985932 -0.000927765 -3.73439e-05
30 40 30 0.00111187 -0.00124415 -3.32687e-05
35 40 30 0.00119611 -0.00158133 -2.89185e-05
40 40 30 0.00123691 -0.00191337 -2.52271e-05
45 40 30 0.00124469 -0.00221557 -2.30477e-05
5 40 25 0.000243452 -0.000109024 -8.84106e-06
10 40 25 0.000452155 -0.000243051 -1.52819e-05
15 40 25 0.000647517 -0.000425898 -1.88127e-05
20 40 25 0.000827065 -0.000656762 -1.96148e-05
25 40 25 0.000984092 -0.000933983 -1.86555e-05
30 40 25 0.00110976 -0.00124956 -1.69887e-05
35 40 25 0.00119382 -0.00158573 -1.52675e-05
40 40 25 0.00123477 -0.00191689 -1.39774e-05
45 40 25 0.0012431 -0.00221845 -1.33908e-05
5 40 20 0.000243999 -0.000109759 -1.04182e-17
10 40 20 0.000452351 -0.000244525 -1.98329e-17
15 40 20 0.000647364 -0.000427827 -2.87265e-17
20 40 20 0.000826494 -0.000658949 -3.71845e-17
25 40 20 0.000983375 -0.000936081 -4.45798e-17
30 40 20 0.00110896 -0.00125149 -5.1321e-17
35 40 20 0.00119299 -0.00158745 -5.6325e-17
40 40 20 0.00123403 -0.00191849 -5.98001e-17
45 40 20 0.00124252 -0.00222011 -6.05418e-17
5 40 15 0.000243452 -0.000109024 8.84106e-06
10 40 15 0.000452155 -0.000243051 1.52819e-05
15 40 15 0.000647517 -0.000425898 1.88127e-05
20 40 15 0.000827065 -0.000656762 1.96148e-05
25 40 15 0.000984092 -0.000933983 1.86555e-05
30 40 15 0.00110976 -0.00124956 1.69887e-05
35 40 15 0.00119382 -0.00158573 1.52675e-05
40 40 15 0.00123477 -0.00191689 1.39774e-05
45 40 15 0.0012431 -0.00221845 1.33908e-05
5 40 10 0.000242312 -0.000106631 1.92542e-05
10 40 10 0.000451508 -0.000238421 3.29885e-05
15 40 10 0.000648591 -0.000419482 3.95043e-05
20 40 10 0.000828631 -0.000650177 3.9942e-05
25 40 10 0.000985932 -0.000927765 3.73439e-05
30 40 10 0.00111187 -0.00124415 3.32687e-05
35 40 10 0.00119611 -0.00158133 2.89185e-05
40 40 10 0.00123691 -0.00191337 2.52271e-05
45 40 10 0.00124469 -0.00221557 2.30477e-05
5 40 5 0.000239986 -0.000101646 3.37205e-05
10 40 5 0.000454303 -0.000227758 5.5797e-05
15 40 5 0.000650815 -0.000407946 6.17533e-05
20 40 5 0.000830234 -0.000638616 6.09767e-05
25 40 5 0.000987419 -0.000917531 5.58154e-05
30 40 5 0.00111373 -0.0012362 4.84723e-05
35 40 5 0.00119853 -0.00157634 4.0267e-05
40 40 5 0.00123931 -0.00191182 3.2559e-05
45 40 5 0.00124599 -0.00221568 2.78918e-05
5 0 35 -0.000232498 -9.37032e-05 3.52531e-05
10 0 35 -0.000443631 -0.00020589 6.05852e-05
15 0 35 -0.000642395 -0.000365132 7.16166e-05
20 0 35 -0.000835091 -0.000566719 7.80089e-05
25 0 35 -0.00102793 -0.00081032 8.22597e-05
30 0 35 -0.00123097 -0.00109727 8.63204e-05
35 0 35 -0.00145932 -0.00143785 9.08391e-05
40 0 35 -0.00173002 -0.00185767 9.58734e-05
45 0 35 -0.00205301 -0.00239843 0.000100577
5 0 30 -0.000234524 -9.88018e-05 2.06392e-05
10 0 30 -0.000440484 -0.000217371 3.67401e-05
15 0 30 -0.000640235 -0.000378718 4.68324e-05
20 0 30 -0.000834653 -0.000582432 5.2084e-05
25 0 30 -0.00102939 -0.00082806 5.53845e-05
30 0 30 -0.00123436 -0.00111758 5.78609e-05
35 0 30 -0.00146461 -0.00146159 6.00498e-05
40 0 30 -0.00173675 -0.00188585 6.20385e-05
45 0 30 -0.00206012 -0.00243162 6.37399e-05
5 0 25 -0.000235746 -0.000101403 9.67213e-06
10 0 25 -0.00044149 -0.000222652 1.73636e-05
15 0 25 -0.000640106 -0.000386536 2.27166e-05
20 0 25 -0.00083501 -0.000591572 2.58789e-05
25 0 25 -0.0010308 -0.000838447 2.76514e-05
30 0 25 -0.00123699 -0.00112921 2.87838e-05
35 0 25 -0.00146836 -0.0014746 2.95469e-05
40 0 25 -0.00174133 -0.00190045 3.00524e-05
45 0 25 -0.002065 -0.00244807 3.03596e-05
5 0 20 -0.000236365 -0.000102217 1.13784e-17
10 0 20 -0.000441896 -0.000224359 2.26948e-17
15 0 20 -0.000640403 -0.000388939 3.46265e-17
20 0 20 -0.000835247 -0.000594582 4.75939e-17
25 0 20 -0.00103134 -0.000841825 6.01902e-17
30 0 20 -0.0012379 -0.00113295 7.3544e-17
35 0 20 -0.00146963 -0.0014787 8.8361e-17
40 0 20 -0.00174286 -0.00190495 1.03268e-16
45 0 20 -0.00206661 -0.00245302 1.21116e-16
5 0 15 -0.000235746 -0.000101403 -9.67213e-06
10 0 15 -0.00044149 -0.000222652 -1.73636e-05
15 0 15 -0.000640106 -0.000386536 -2.27166e-05
20 0 15 -0.00083501 -0.000591572 -2.58789e-05
25 0 15 -0.0010308 -0.000838447 -2.76514e-05
30 0 15 -0.00123699 -0.00112921 -2.87838e-05
35 0 15 -0.00146836 -0.0014746 -2.95469e-05
40 0 15 -0.00174133 -0.00190045 -3.00524e-05
45 0 15 -0.002065 -0.00244807 -3.03596e-05
5 0 10 -0.000234524 -9.88018e-05 -2.06392e-05
10 0 10 -0.000440484 -0.000217371 -3.67401e-05
15 0 10 -0.000640235 -0.000378718 -4.68324e-05
20 0 10 -0.000834653 -0.000582432 -5.2084e-05
25 0 10 -0.00102939 -0.00082806 -5.53845e-05
30 0 10 -0.00123436 -0.00111758 -5.78609e-05
35 0 10 -0.00146461 -0.00146159 -6.00498e-05
40 0 10 -0.00173675 -0.00188585 -6.20385e-05
45 0 10 -0.00206012 -0.00243162 -6.37399e-05
5 0 5 -0.000232498 -9.37032e-05 -3.52531e-05
10 0 5 -0.000443631 -0.00020589 -6.05852e-05
15 0 5 -0.000642395 -0.000365132 -7.16166e-05
20 0 5 -0.000835091 -0.000566719 -7.80089e-05
25 0 5 -0.00102793 -0.00081032 -8.22597e-05
30 0 5 -0.00123097 -0.00109727 -8.63204e-05
35 0 5 -0.00145932 -0.00143785 -9.08391e-05
40 0 5 -0.00173002 -0.00185767 -9.58734e-05
45 0 5 -0.00205301 -0.00239843 -0.000100577
0 35 35 2.11996e-24 -1.83974e-25 -1.63846e-25
0 35 30 2.09205e-24 -2.11553e-25 -9.82176e-26
0 35 25 2.10347e-24 -2.22286e-25 -4.39966e-26
0 35 20 2.10663e-24 -2.25465e-25 -4.79632e-38
0 35 15 2.10347e-24 -2.22286e-25 4.39966e-26
0 35 10 2.09205e-24 -2.11553e-25 9.82176e-26
0 35 5 2.11996e-24 -1.83974e-25 1.63846e-25
0 30 35 1.30955e-24 -1.42246e-25 -1.09713e-25
0 30 30 1.28309e-24 -1.75962e-25 -6.64102e-26
0 30 25 1.28716e-24 -1.89106e-25 -2.95562e-26
0 30 20 1.28804e-24 -1.92971e-25 -3.01127e-38
0 30 15 1.28716e-24 -1.89106e-25 2.95562e-26
0 30 10 1.28309e-24 -1.75962e-25 6.64102e-26
0 30 5 1.30955e-24 -1.42246e-25 1.09713e-25
0 25 35 6.31463e-25 -1.14121e-25 -5.29373e-26
0 25 30 6.18279e-25 -1.51279e-25 -3.28401e-26
0 25 25 6.20505e-25 -1.65071e-25 -1.46249e-26
0 25 20 6.20982e-25 -1.69124e-25 -1.37258e-38
0 25 15 6.20505e-25 -1.65071e-25 1.46249e-26
0 25 10 6.18279e-25 -1.51279e-25 3.28401e-26
0 25 5 6.31463e-25 -1.14121e-25 5.29373e-26
0 20 35 -1.83881e-26 -9.97964e-26 2.62753e-27
0 20 30 -1.48314e-26 -1.38358e-25 1.87905e-27
0 20 25 -1.36778e-26 -1.52955e-25 9.48661e-28
0 20 20 -1.33556e-26 -1.57122e-25 1.69799e-39
0 20 15 -1.36778e-26 -1.52955e-25 -9.48661e-28
0 20 10 -1.48314e-26 -1.38358e-25 -1.87905e-27
0 20 5 -1.83881e-26 -9.97964e-26 -2.62753e-27
0 15 35 -6.66768e-25 -9.52664e-26 5.78725e-26
0 15 30 -6.45977e-25 -1.3346e-25 3.65329e-26
0 15 25 -6.45606e-25 -1.48167e-25 1.65958e-26
0 15 20 -6.45382e-25 -1.52526e-25 1.73648e-38
0 15 15 -6.45606e-25 -1.48167e-25 -1.65958e-26
0 15 10 -6.45977e-25 -1.3346e-25 -3.65329e-26
0 15 5 -6.66768e-25 -9.52664e-26 -5.78725e-26
0 10 35 -1.33404e-24 -1.14088e-25 1.13672e-25
0 10 30 -1.29869e-24 -1.49539e-25 7.01728e-26
0 10 25 -1.29965e-24 -1.6401e-25 3.18489e-26
0 10 20 -1.29977e-24 -1.68311e-25 3.40476e-38
0 10 15 -1.29965e-24 -1.6401e-25 -3.18489e-26
0 10 10 -1.29869e-24 -1.49539e-25 -7.01728e-26
0 10 5 -1.33404e-24 -1.14088e-25 -1.13672e-25
0 5 35 -2.1032e-24 -1.60199e-25 1.67148e-25
0 5 30 -2.06583e-24 -1.88996e-25 1.02746e-25
0 5 25 -2.07441e-24 -2.00669e-25 4.6993e-26
0 5 20 -2.077e-24 -2.04195e-25 5.15513e-38
0 5 15 -2.07441e-24 -2.00669e-25 -4.6993e-26
0 5 10 -2.06583e-24 -1.88996e-25 -1.02746e-25
0 5 5 -2.1032e-24 -1.60199e-25 -1.67148e-25
50 35 35 0.000978172 -0.00248908 -3.20251e-05
50 35 30 0.000977865 -0.00249036 -2.54953e-05
50 35 25 0.000976424 -0.00249506 -1.38326e-05
50 35 20 0.000975968 -0.00249712 -3.79229e-17
50 35 15 0.000976424 -0.00249506 1.38326e-05
50 35 10 0.000977865 -0.00249036 2.54953e-05
50 35 5 0.000978172 -0.00248908 3.20251e-05
50 30 35 0.000752172 -0.002491 -4.8163e-05
50 30 30 0.000748491 -0.00249828 -3.39221e-05
50 30 25 0.000746291 -0.00250515 -1.71529e-05
50 30 20 0.000745711 -0.00250787 -2.10336e-17
50 30 15 0.000746291 -0.00250515 1.71529e-05
50 30 10 0.000748491 -0.00249828 3.39221e-05
50 30 5 0.000752172 -0.002491 4.8163e-05
50 25 35 0.000569963 -0.00253454 -6.76393e-05
50 25 30 0.000561956 -0.00254709 -4.23276e-05
50 25 25 0.000559748 -0.0025569 -1.9944e-05
50 25 20 0.000559226 -0.00256025 -4.41643e-18
50 25 15 0.000559748 -0.0025569 1.9944e-05
50 25 10 0.000561956 -0.00254709 4.23276e-05
50 25 5 0.000569963 -0.00253454 6.76393e-05
5 35 40 0.000169601 -6.10343e-05 -5.27601e-05
10 35 40 0.00032207 -0.000188867 -6.53331e-05
15 35 40 0.000462929 -0.000367245 -6.93215e-05
20 35 40 0.000593553 -0.0006002 -6.67042e-05
25 35 40 0.000711613 -0.00088354 -6.11262e-05
30 35 40 0.0008136 -0.00120958 -5.41676e-05
35 35 40 0.000894578 -0.00156278 -4.78417e-05
40 35 40 0.000946937 -0.00191296 -4.05748e-05
45 35 40 0.000974282 -0.00222708 -3.58653e-05
5 30 40 0.000108504 -4.83045e-05 -3.40366e-05
10 30 40 0.00020404 -0.00016705 -4.46823e-05
15 30 40 0.000299281 -0.000344636 -4.66992e-05
20 30 40 0.00039182 -0.000576012 -4.53524e-05
25 30 40 0.000481935 -0.000858086 -4.31503e-05
30 30 40 0.000569731 -0.00118468 -4.23274e-05
35 30 40 0.000652984 -0.00154394 -4.45371e-05
40 30 40 0.000721193 -0.00191972 -5.2422e-05
45 30 40 0.000745105 -0.00225441 -4.90223e-05
5 25 40 5.2514e-05 -4.23128e-05 -1.6424e-05
10 25 40 0.000100354 -0.000153673 -2.14992e-05
15 25 40 0.000150554 -0.000325452 -2.26943e-05
20 25 40 0.000204966 -0.000551634 -2.23317e-05
25 25 40 0.000265675 -0.000827669 -2.30769e-05
30 25 40 0.000336033 -0.00114912 -2.7034e-05
35 25 40 0.000418569 -0.00151143 -3.66142e-05
40 25 40 0.000513234 -0.00190242 -5.37208e-05
45 25 40 0.000604701 -0.00231896 -8.42855e-05
5 20 40 -1.26283e-06 -3.8883e-05 1.09912e-06
10 20 40 -3.93957e-08 -0.000145438 2.10071e-06
15 20 40 5.1389e-06 -0.000310966 2.84409e-06
20 20 40 1.71932e-05 -0.000529268 2.66832e-06
25 20 40 4.04684e-05 -0.000795523 3.01411e-07
30 20 40 8.07552e-05 -0.00110709 -6.07813e-06
35 20 40 0.000145557 -0.0014623 -1.9732e-05
40 20 40 0.00024378 -0.00186299 -4.20249e-05
45 20 40 0.00039393 -0.00229899 -8.44574e-05
5 15 40 -5.53987e-05 -3.81117e-05 1.8546e-05
10 15 40 -0.000102148 -0.000142722 2.57477e-05
15 15 40 -0.000145101 -0.000303659 2.88809e-05
20 15 40 -0.000181521 -0.000513991 2.91123e-05
25 15 40 -0.000206591 -0.000769297 2.69142e-05
30 15 40 -0.000214505 -0.0010681 2.0757e-05
35 15 40 -0.00019787 -0.00141243 8.37103e-06
40 15 40 -0.000146494 -0.00180873 -1.42524e-05
45 15 40 -5.33136e-05 -0.00226725 -5.02522e-05
5 10 40 -0.000111653 -4.14728e-05 3.58973e-05
10 10 40 -0.000208877 -0.000148384 4.90049e-05
15 10 40 -0.000304025 -0.000307093 5.41758e-05
20 10 40 -0.000393707 -0.000510994 5.59183e-05
25 10 40 -0.000476114 -0.000757303 5.54156e-05
30 10 40 -0.000548751 -0.00104535 5.23469e-05
35 10 40 -0.000608588 -0.00138034 4.50417e-05
40 10 40 -0.000655539 -0.00177629 3.09624e-05
45 10 40 -0.000701903 -0.00227517 1.40374e-05
5 5 40 -0.000171032 -5.34046e-05 5.39583e-05
10 5 40 -0.000325716 -0.000166705 6.97352e-05
15 5 40 -0.000472227 -0.000322654 7.8311e-05
20 5 40 -0.000615096 -0.000523228 8.18946e-05
25 5 40 -0.000756711 -0.000764741 8.40364e-05
30 5 40 -0.000900226 -0.00104764 8.56149e-05
35 5 40 -0.00105009 -0.00137957 8.65321e-05
40 5 40 -0.00121328 -0.00178405 8.69416e-05
45 5 40 -0.001395 -0.00230693 8.71642e-05
5 35 0 0.000169601 -6.10343e-05 5.27601e-05
10 35 0 0.00032207 -0.000188867 6.53331e-05
15 35 0 0.000462929 -0.000367245 6.93215e-05
20 35 0 0.000593553 -0.0006002 6.67042e-05
25 35 0 0.000711613 -0.00088354 6.11262e-05
30 35 0 0.0008136 -0.00120958 5.41676e-05
35 35 0 0.000894578 -0.00156278 4.78417e-05
40 35 0 0.000946937 -0.00191296 4.05748e-05
45 35 0 0.000974282 -0.00222708 3.58653e-05
5 30 0 0.000108504 -4.83045e-05 3.40366e-05
10 30 0 0.00020404 -0.00016705 4.46823e-05
15 30 0 0.000299281 -0.000344636 4.66992e-05
20 30 0 0.00039182 -0.000576012 4.53524e-05
25 30 0 0.000481935 -0.000858086 4.31503e-05
30 30 0 0.000569731 -0.00118468 4.23274e-05
35 30 0 0.000652984 -0.00154394 4.45371e-05
40 30 0 0.000721193 -0.00191972 5.2422e-05
45 30 0 0.000745105 -0.00225441 4.90223e-05
5 25 0 5.2514e-05 -4.23128e-05 1.6424e-05
10 25 0 0.000100354 -0.000153673 2.14992e-05
15 25 0 0.000150554 -0.000325452 2.26943e-05
20 25 0 0.000204966 -0.000551634 2.23317e-05
25 25 0 0.000265675 -0.000827669 2.30769e-05
30 25 0 0.000336033 -0.00114912 2.7034e-05
35 25 0 0.000418569 -0.00151143 3.66142e-05
40 25 0 0.000513234 -0.00190242 5.37208e-05
45 25 0 0.000604701 -0.00231896 8.42855e-05
5 20 0 -1.26283e-06 -3.8883e-05 -1.09912e-06
10 20 0 -3.93957e-08 -0.000145438 -2.10071e-06
15 20 0 5.1389e-06 -0.000310966 -2.84409e-06
20 20 0 1.71932e-05 -0.000529268 -2.66832e-06
25 20 0 4.04684e-05 -0.000795523 -3.01411e-07
30 20 0 8.07552e-05 -0.00110709 6.07813e-06
35 20 0 0.000145557 -0.0014623 1.9732e-05
40 20 0 0.00024378 -0.00186299 4.20249e-05
45 20 0 0.00039393 -0.00229899 8.44574e-05
5 15 0 -5.53987e-05 -3.81117e-05 -1.8546e-05
10 15 0 -0.000102148 -0.000142722 -2.57477e-05
15 15 0 -0.000145101 -0.000303659 -2.88809e-05
20 15 0 -0.000181521 -0.000513991 -2.91123e-05
25 15 0 -0.000206591 -0.000769297 -2.69142e-05
30 15 0 -0.000214505 -0.0010681 -2.0757e-05
35 15 0 -0.00019787 -0.00141243 -8.37103e-06
40 15 0 -0.000146494 -0.00180873 1.42524e-05
45 15 0 -5.33136e-05 -0.00226725 5.02522e-05
5 10 0 -0.000111653 -4.14728e-05 -3.58973e-05
10 10 0 -0.000208877 -0.000148384 -4.90049e-05
15 10 0 -0.000304025 -0.000307093 -5.41758e-05
20 10 0 -0.000393707 -0.000510994 -5.59183e-05
25 10 0 -0.000476114 -0.000757303 -5.54156e-05
30 10 0 -0.000548751 -0.00104535 -5.23469e-05
35 10 0 -0.000608588 -0.00138034 -4.50417e-05
40 10 0 -0.000655539 -0.00177629 -3.09624e-05
45 10 0 -0.000701903 -0.00227517 -1.40374e-05
5 5 0 -0.000171032 -5.34046e-05 -5.39583e-05
10 5 0 -0.000325716 -0.000166705 -6.97352e-05
15 5 0 -0.000472227 -0.000322654 -7.8311e-05
20 5 0 -0.000615096 -0.000523228 -8.18946e-05
25 5 0 -0.000756711 -0.000764741 -8.40364e-05
30 5 0 -0.000900226 -0.00104764 -8.56149e-05
35 5 0 -0.00105009 -0.00137957 -8.65321e-05
40 5 0 -0.00121328 -0.00178405 -8.69416e-05
45 5 0 -0.001395 -0.00230693 -8.71642e-05
55 15 35 0.000151693 -0.00388792 -6.2212e-05
60 15 35 0.000353083 -0.00510135 -6.15516e-05
65 15 35 0.000523259 -0.00645882 -5.36981e-05
70 15 35 0.000670351 -0.00797119 -4.57225e-05
75 15 35 0.000794703 -0.00961832 -3.72712e-05
80 15 35 0.000896672 -0.011381 -2.89865e-05
85 15 35 0.00097784 -0.0132375 -2.13339e-05
90 15 35 0.00103667 -0.0151595 -1.51368e-05
95 15 35 0.00106807 -0.0170987 -1.19651e-05
55 15 30 0.000145022 -0.00392183 -3.59721e-05
60 15 30 0.000349399 -0.00513953 -3.75117e-05
65 15 30 0.000522692 -0.00649561 -3.43444e-05
70 15 30 0.000670487 -0.00800429 -2.92089e-05
75 15 30 0.000794738 -0.00964629 -2.37802e-05
80 15 30 0.000896019 -0.0114027 -1.84462e-05
85 15 30 0.000975968 -0.0132518 -1.3589e-05
90 15 30 0.00103329 -0.0151658 -9.46701e-06
95 15 30 0.00106435 -0.017099 -7.08984e-06
55 15 25 0.000141778 -0.00394045 -1.69091e-05
60 15 25 0.000346746 -0.00516037 -1.80283e-05
65 15 25 0.000520522 -0.00651627 -1.68299e-05
70 15 25 0.00066886 -0.00802323 -1.45009e-05
75 15 25 0.00079303 -0.00966235 -1.17931e-05
80 15 25 0.000893905 -0.011415 -9.14844e-06
85 15 25 0.000973177 -0.0132596 -6.75005e-06
90 15 25 0.00102966 -0.0151685 -4.78581e-06
95 15 25 0.00106022 -0.0170973 -3.69505e-06
55 15 20 0.000140765 -0.00394622 2.82175e-17
60 15 20 0.000345755 -0.00516692 2.47296e-17
65 15 20 0.000519653 -0.00652289 2.24015e-17
70 15 20 0.000668039 -0.00802933 2.12209e-17
75 15 20 0.000792218 -0.00966755 1.60984e-17
80 15 20 0.000892957 -0.011419 1.82589e-17
85 15 20 0.000972036 -0.0132621 2.0141e-17
90 15 20 0.00102828 -0.0151694 2.34e-17
95 15 20 0.00105859 -0.0170967 2.77764e-17
55 15 15 0.000141778 -0.00394045 1.69091e-05
60 15 15 0.000346746 -0.00516037 1.80283e-05
65 15 15 0.000520522 -0.00651627 1.68299e-05
70 15 15 0.00066886 -0.00802323 1.45009e-05
75 15 15 0.00079303 -0.00966235 1.17931e-05
80 15 15 0.000893905 -0.011415 9.14844e-06
85 15 15 0.000973177 -0.0132596 6.75005e-06
90 15 15 0.00102966 -0.0151685 4.78581e-06
95 15 15 0.00106022 -0.0170973 3.69505e-06
55 15 10 0.000145022 -0.00392183 3.59721e-05
60 15 10 0.000349399 -0.00513953 3.75117e-05
65 15 10 0.000522692 -0.00649561 3.43444e-05
70 15 10 0.000670487 -0.00800429 2.92089e-05
75 15 10 0.000794738 -0.00964629 2.37802e-05
80 15 10 0.000896019 -0.0114027 1.84462e-05
85 15 10 0.000975968 -0.0132518 1.3589e-05
90 15 10 0.00103329 -0.0151658 9.46701e-06
95 15 10 0.00106435 -0.017099 7.08984e-06
55 15 5 0.000151693 -0.00388792 6.2212e-05
60 15 5 0.000353083 -0.00510135 6.15516e-05
65 15 5 0.000523259 -0.00645882 5.36981e-05
70 15 5 0.000670351 -0.00797119 4.57225e-05
75 15 5 0.000794703 -0.00961832 3.72712e-05
80 15 5 0.000896672 -0.011381 2.89865e-05
85 15 5 0.00097784 -0.0132375 2.13339e-05
90 15 5 0.00103667 -0.0151595 1.51368e-05
95 15 5 0.00106807 -0.0170987 1.19651e-05
55 10 35 -0.000800588 -0.00393784 -6.23863e-06
60 10 35 -0.000823154 -0.00509398 -6.04427e-06
65 10 35 -0.00082089 -0.0064495 -3.90268e-06
70 10 35 -0.000818934 -0.00796115 -1.60124e-06
75 10 35 -0.000817794 -0.00960987 -3.73835e-07
80 10 35 -0.000816224 -0.0113725 1.04545e-07
85 10 35 -0.000811292 -0.0132249 -1.22174e-06
90 10 35 -0.000792684 -0.0151527 -2.87347e-06
95 10 35 -0.000775112 -0.01713 -3.26076e-06
55 10 30 -0.000805247 -0.00397013 -2.96601e-06
60 10 30 -0.000826436 -0.00512919 -3.81462e-06
65 10 30 -0.000822485 -0.00648424 -2.78374e-06
70 10 30 -0.000819603 -0.00799262 -1.40648e-06
75 10 30 -0.000818594 -0.00963659 -4.35655e-07
80 10 30 -0.000817836 -0.0113932 -3.23677e-07
85 10 30 -0.000813722 -0.0132388 -1.11973e-06
90 10 30 -0.000797738 -0.0151574 -2.38325e-06
95 10 30 -0.000783229 -0.0171216 -2.57424e-06
55 10 25 -0.00080831 -0.00398875 -1.07011e-06
60 10 25 -0.000828951 -0.00514935 -1.71175e-06
65 10 25 -0.000824093 -0.00650448 -1.43336e-06
70 10 25 -0.000820633 -0.00801133 -7.99077e-07
75 10 25 -0.000819476 -0.00965259 -3.34774e-07
80 10 25 -0.000818853 -0.0114057 -3.06702e-07
85 10 25 -0.000815276 -0.013247 -7.80799e-07
90 10 25 -0.000800195 -0.0151608 -1.46034e-06
95 10 25 -0.000787246 -0.0171192 -2.5005e-06
55 10 20 -0.00080931 -0.00399466 7.15422e-17
60 10 20 -0.000829819 -0.00515583 7.68565e-17
65 10 20 -0.000824729 -0.00651102 8.13701e-17
70 10 20 -0.000821071 -0.00801743 8.4726e-17
75 10 20 -0.000819823 -0.00965784 9.14435e-17
80 10 20 -0.000819213 -0.0114098 9.11624e-17
85 10 20 -0.000815732 -0.0132498 9.64162e-17
90 10 20 -0.00080093 -0.015162 1.00495e-16
95 10 20 -0.000787726 -0.0171192 1.0452e-16
55 10 15 -0.00080831 -0.00398875 1.07011e-06
60 10 15 -0.000828951 -0.00514935 1.71175e-06
65 10 15 -0.000824093 -0.00650448 1.43336e-06
70 10 15 -0.000820633 -0.00801133 7.99077e-07
75 10 15 -0.000819476 -0.00965259 3.34774e-07
80 10 15 -0.000818853 -0.0114057 3.06702e-07
85 10 15 -0.000815276 -0.013247 7.80799e-07
90 10 15 -0.000800195 -0.0151608 1.46034e-06
95 10 15 -0.000787246 -0.0171192 2.5005e-06
55 10 10 -0.000805247 -0.00397013 2.96601e-06
60 10 10 -0.000826436 -0.00512919 3.81462e-06
65 10 10 -0.000822485 -0.00648424 2.78374e-06
70 10 10 -0.000819603 -0.00799262 1.40648e-06
75 10 10 -0.000818594 -0.00963659 4.35655e-07
80 10 10 -0.000817836 -0.0113932 3.23677e-07
85 10 10 -0.000813722 -0.0132388 1.11973e-06
90 10 10 -0.000797738 -0.0151574 2.38325e-06
95 10 10 -0.000783229 -0.0171216 2.57424e-06
55 10 5 -0.000800588 -0.00393784 6.23863e-06
60 10 5 -0.000823154 -0.00509398 6.04427e-06
65 10 5 -0.00082089 -0.0064495 3.90268e-06
70 10 5 -0.000818934 -0.00796115 1.60124e-06
75 10 5 -0.000817794 -0.00960987 3.73835e-07
80 10 5 -0.000816224 -0.0113725 -1.04545e-07
85 10 5 -0.000811292 -0.0132249 1.22174e-06
90 10 5 -0.000792684 -0.0151527 2.87347e-06
95 10 5 -0.000775112 -0.01713 3.26076e-06
55 5 35 -0.0017982 -0.00397829 5.31196e-05
60 5 35 -0.0019877 -0.00511856 4.99331e-05
65 5 35 -0.00215839 -0.00645924 4.68532e-05
70 5 35 -0.00230467 -0.00796878 4.25252e-05
75 5 35 -0.00242891 -0.00961596 3.66107e-05
80 5 35 -0.00253064 -0.0113751 2.86616e-05
85 5 35 -0.00260952 -0.0132242 1.89906e-05
90 5 35 -0.00266567 -0.0151376 2.61197e-06
95 5 35 -0.00266153 -0.0171532 -4.50634e-06
55 5 30 -0.00180194 -0.00401547 3.21702e-05
60 5 30 -0.00199039 -0.00515633 3.06651e-05
65 5 30 -0.00216035 -0.00649578 2.89663e-05
70 5 30 -0.0023062 -0.00800196 2.65311e-05
75 5 30 -0.0024306 -0.00964411 2.28752e-05
80 5 30 -0.0025328 -0.0113973 1.781e-05
85 5 30 -0.00261249 -0.0132388 1.02204e-05
90 5 30 -0.00266699 -0.0151439 1.88625e-06
95 5 30 -0.00267063 -0.0171441 -6.03029e-06
55 5 25 -0.00180463 -0.00403471 1.56673e-05
60 5 25 -0.00199225 -0.0051768 1.48751e-05
65 5 25 -0.00216133 -0.00651613 1.40796e-05
70 5 25 -0.00230656 -0.00802083 1.29284e-05
75 5 25 -0.00243062 -0.00966039 1.11694e-05
80 5 25 -0.00253274 -0.01141 8.47354e-06
85 5 25 -0.0026116 -0.0132478 4.93284e-06
90 5 25 -0.0026666 -0.0151477 5.13873e-07
95 5 25 -0.00266821 -0.0171434 -3.24832e-06
55 5 20 -0.00180556 -0.00404066 1.1635e-16
60 5 20 -0.0019929 -0.00518318 1.29114e-16
65 5 20 -0.00216166 -0.00652258 1.39108e-16
70 5 20 -0.00230662 -0.0080269 1.48928e-16
75 5 20 -0.00243053 -0.00966564 1.60932e-16
80 5 20 -0.00253239 -0.0114143 1.67635e-16
85 5 20 -0.00261128 -0.0132506 1.76053e-16
90 5 20 -0.00266565 -0.0151495 1.75824e-16
95 5 20 -0.00266773 -0.0171435 1.82016e-16
55 5 15 -0.00180463 -0.00403471 -1.56673e-05
60 5 15 -0.00199225 -0.0051768 -1.48751e-05
65 5 15 -0.00216133 -0.00651613 -1.40796e-05
70 5 15 -0.00230656 -0.00802083 -1.29284e-05
75 5 15 -0.00243062 -0.00966039 -1.11694e-05
80 5 15 -0.00253274 -0.01141 -8.47354e-06
85 5 15 -0.0026116 -0.0132478 -4.93284e-06
90 5 15 -0.0026666 -0.0151477 -5.13873e-07
95 5 15 -0.00266821 -0.0171434 3.24832e-06
55 5 10 -0.00180194 -0.00401547 -3.21702e-05
60 5 10 -0.00199039 -0.00515633 -3.06651e-05
65 5 10 -0.00216035 -0.00649578 -2.89663e-05
70 5 10 -0.0023062 -0.00800196 -2.65311e-05
75 5 10 -0.0024306 -0.00964411 -2.28752e-05
80 5 10 -0.0025328 -0.0113973 -1.781e-05
85 5 10 -0.00261249 -0.0132388 -1.02204e-05
90 5 10 -0.00266699 -0.0151439 -1.88625e-06
95 5 10 -0.00267063 -0.0171441 6.03029e-06
55 5 5 -0.0017982 -0.00397829 -5.31196e-05
60 5 5 -0.0019877 -0.00511856 -4.99331e-05
65 5 5 -0.00215839 -0.00645924 -4.68532e-05
70 5 5 -0.00230467 -0.00796878 -4.25252e-05
75 5 5 -0.00242891 -0.00961596 -3.66107e-05
80 5 5 -0.00253064 -0.0113751 -2.86616e-05
85 5 5 -0.00260952 -0.0132242 -1.89906e-05
90 5 5 -0.00266567 -0.0151376 -2.61197e-06
95 5 5 -0.00266153 -0.0171532 4.50634e-06
5 35 35 0.000151422 -7.01564e-05 -2.68024e-05
10 35 35 0.000314517 -0.000202515 -4.4449e-05
15 35 35 0.00046119 -0.00038287 -4.88007e-05
20 35 35 0.000595204 -0.000615508 -4.81881e-05
25 35 35 0.000714845 -0.000896784 -4.48247e-05
30 35 35 0.000817008 -0.001219 -4.07541e-05
35 35 35 0.000897618 -0.00156678 -3.70751e-05
40 35 35 0.000949158 -0.0019107 -3.41366e-05
45 35 35 0.000974634 -0.00222129 -3.2115e-05
5 35 30 0.000150966 -7.4745e-05 -1.51375e-05
10 35 30 0.000310206 -0.000211034 -2.57027e-05
15 35 30 0.000458663 -0.000393468 -3.07532e-05
20 35 30 0.000593918 -0.00062641 -3.11485e-05
25 35 30 0.000714194 -0.00090681 -2.95652e-05
30 35 30 0.000816399 -0.00122718 -2.73907e-05
35 35 30 0.000896659 -0.00157261 -2.55697e-05
40 35 30 0.000947449 -0.00191404 -2.45793e-05
45 35 30 0.000972996 -0.00222233 -2.46682e-05
5 35 25 0.000150701 -7.6962e-05 -6.9846e-06
10 35 25 0.000309638 -0.000215615 -1.20293e-05
15 35 25 0.000457143 -0.000399421 -1.46528e-05
20 35 25 0.000592519 -0.000632867 -1.52925e-05
25 35 25 0.000712883 -0.000913064 -1.47148e-05
30 35 25 0.000815071 -0.00123283 -1.38108e-05
35 35 25 0.000895192 -0.00157749 -1.31035e-05
40 35 25 0.000945916 -0.00191826 -1.28685e-05
45 35 25 0.000971548 -0.00222652 -1.31014e-05
5 35 20 0.000150781 -7.76042e-05 -7.75485e-18
10 35 20 0.000309441 -0.000216951 -1.44415e-17
15 35 20 0.000456795 -0.000401286 -2.07303e-17
20 35 20 0.000591967 -0.000634956 -2.65619e-17
25 35 20 0.000712332 -0.00091517 -3.14954e-17
30 35 20 0.000814496 -0.00123483 -3.57064e-17
35 35 20 0.000894608 -0.00157938 -3.94755e-17
40 35 20 0.00094534 -0.00192013 -4.12456e-17
45 35 20 0.000970962 -0.00222845 -4.09631e-17
5 35 15 0.000150701 -7.6962e-05 6.9846e-06
10 35 15 0.000309638 -0.000215615 1.20293e-05
15 35 15 0.000457143 -0.000399421 1.46528e-05
20 35 15 0.000592519 -0.000632867 1.52925e-05
25 35 15 0.000712883 -0.000913064 1.47148e-05
30 35 15 0.000815071 -0.00123283 1.38108e-05
35 35 15 0.000895192 -0.00157749 1.31035e-05
40 35 15 0.000945916 -0.00191826 1.28685e-05
45 35 15 0.000971548 -0.00222652 1.31014e-05
5 35 10 0.000150966 -7.4745e-05 1.51375e-05
10 35 10 0.000310206 -0.000211034 2.57027e-05
15 35 10 0.000458663 -0.000393468 3.07532e-05
20 35 10 0.000593918 -0.00062641 3.11485e-05
25 35 10 0.000714194 -0.00090681 2.95652e-05
30 35 10 0.000816399 -0.00122718 2.73907e-05
35 35 10 0.000896659 -0.00157261 2.55697e-05
40 35 10 0.000947449 -0.00191404 2.45793e-05
45 35 10 0.000972996 -0.00222233 2.46682e-05
5 35 5 0.000151422 -7.01564e-05 2.68024e-05
10 35 5 0.000314517 -0.000202515 4.4449e-05
15 35 5 0.00046119 -0.00038287 4.88007e-05
20 35 5 0.000595204 -0.000615508 4.81881e-05
25 35 5 0.000714845 -0.000896784 4.48247e-05
30 35 5 0.000817008 -0.001219 4.07541e-05
35 35 5 0.000897618 -0.00156678 3.70751e-05
40 35 5 0.000949158 -0.0019107 3.41366e-05
45 35 5 0.000974634 -0.00222129 3.2115e-05
5 30 35 9.61208e-05 -5.97219e-05 -1.86065e-05
10 30 35 0.000198497 -0.000183042 -3.09041e-05
15 30 35 0.000297935 -0.00036263 -3.39987e-05
20 30 35 0.000392235 -0.000593735 -3.37835e-05
25 30 35 0.000482406 -0.000873751 -3.26162e-05
30 30 35 0.000568795 -0.00119655 -3.23192e-05
35 30 35 0.000649425 -0.00155022 -3.4535e-05
40 30 35 0.000717241 -0.00191833 -3.84114e-05
45 30 35 0.000741153 -0.00224418 -4.36025e-05
5 30 30 9.57615e-05 -6.41095e-05 -1.03985e-05
10 30 30 0.000195213 -0.000190971 -1.78626e-05
15 30 30 0.000295676 -0.000372781 -2.13959e-05
20 30 30 0.000390929 -0.000604624 -2.19106e-05
25 30 30 0.000481354 -0.000884209 -2.1599e-05
30 30 30 0.000567397 -0.00120573 -2.18277e-05
35 30 30 0.000647633 -0.00155762 -2.33813e-05
40 30 30 0.000714275 -0.00192438 -2.65436e-05
45 30 30 0.000737199 -0.0022497 -3.04216e-05
5 30 25 9.54703e-05 -6.63365e-05 -4.75025e-06
10 30 25 0.000194532 -0.000195134 -8.25025e-06
15 30 25 0.000294346 -0.000378339 -1.01227e-05
20 30 25 0.000389724 -0.000610894 -1.07167e-05
25 30 25 0.000480268 -0.00089057 -1.07404e-05
30 30 25 0.000566345 -0.00121179 -1.0968e-05
35 30 25 0.000646421 -0.00156333 -1.18574e-05
40 30 25 0.000712979 -0.00193009 -1.34977e-05
45 30 25 0.000735573 -0.00225586 -1.54756e-05
5 30 20 9.54719e-05 -6.6995e-05 -4.9172e-18
10 30 20 0.000194298 -0.000196436 -9.04652e-18
15 30 20 0.000294013 -0.000380115 -1.28264e-17
20 30 20 0.000389272 -0.000612936 -1.63175e-17
25 30 20 0.000479852 -0.000892706 -1.91669e-17
30 30 20 0.000565941 -0.00121392 -2.19398e-17
35 30 20 0.000646044 -0.00156545 -2.39906e-17
40 30 20 0.000712581 -0.00193233 -2.45874e-17
45 30 20 0.000735095 -0.00225837 -2.40704e-17
5 30 15 9.54703e-05 -6.63365e-05 4.75025e-06
10 30 15 0.000194532 -0.000195134 8.25025e-06
15 30 15 0.000294346 -0.000378339 1.01227e-05
20 30 15 0.000389724 -0.000610894 1.07167e-05
25 30 15 0.000480268 -0.00089057 1.07404e-05
30 30 15 0.000566345 -0.00121179 1.0968e-05
35 30 15 0.000646421 -0.00156333 1.18574e-05
40 30 15 0.000712979 -0.00193009 1.34977e-05
45 30 15 0.000735573 -0.00225586 1.54756e-05
5 30 10 9.57615e-05 -6.41095e-05 1.03985e-05
10 30 10 0.000195213 -0.000190971 1.78626e-05
15 30 10 0.000295676 -0.000372781 2.13959e-05
20 30 10 0.000390929 -0.000604624 2.19106e-05
25 30 10 0.000481354 -0.000884209 2.1599e-05
30 30 10 0.000567397 -0.00120573 2.18277e-05
35 30 10 0.000647633 -0.00155762 2.33813e-05
40 30 10 0.000714275 -0.00192438 2.65436e-05
45 30 10 0.000737199 -0.0022497 3.04216e-05
5 30 5 9.61208e-05 -5.97219e-05 1.86065e-05
10 30 5 0.000198497 -0.000183042 3.09041e-05
15 30 5 0.000297935 -0.00036263 3.39987e-05
20 30 5 0.000392235 -0.000593735 3.37835e-05
25 30 5 0.000482406 -0.000873751 3.26162e-05
30 30 5 0.000568795 -0.00119655 3.23192e-05
35 30 5 0.000649425 -0.00155022 3.4535e-05
40 30 5 0.000717241 -0.00191833 3.84114e-05
45 30 5 0.000741153 -0.00224418 4.36025e-05
5 25 35 4.65104e-05 -5.39382e-05 -8.94775e-06
10 25 35 9.76625e-05 -0.00017074 -1.5011e-05
15 25 35 0.00014972 -0.000344723 -1.65451e-05
20 25 35 0.000204362 -0.000571055 -1.68204e-05
25 25 35 0.000263712 -0.000845781 -1.76857e-05
30 25 35 0.000331159 -0.00116474 -2.09721e-05
35 25 35 0.000409496 -0.00152309 -2.82955e-05
40 25 35 0.000499073 -0.00190854 -4.12965e-05
45 25 35 0.000590492 -0.00231551 -5.62649e-05
5 25 30 4.63216e-05 -5.88814e-05 -5.16513e-06
10 25 30 9.60549e-05 -0.000179174 -8.82305e-06
15 25 30 0.000148392 -0.000355487 -1.05989e-05
20 25 30 0.000203155 -0.000582913 -1.116e-05
25 25 30 0.000262093 -0.000857699 -1.20269e-05
30 25 30 0.000328634 -0.00117599 -1.43988e-05
35 25 30 0.000405905 -0.00153321 -1.93549e-05
40 25 30 0.000495358 -0.00191778 -2.6832e-05
45 25 30 0.000585895 -0.00232671 -3.58273e-05
5 25 25 4.61806e-05 -6.10756e-05 -2.35141e-06
10 25 25 9.56622e-05 -0.000183273 -4.08536e-06
15 25 25 0.000147577 -0.000360996 -5.03817e-06
20 25 25 0.000202265 -0.000589335 -5.50806e-06
25 25 25 0.000261105 -0.000864522 -6.05352e-06
30 25 25 0.000327505 -0.00118286 -7.32916e-06
35 25 25 0.000404777 -0.00154017 -9.71529e-06
40 25 25 0.000494029 -0.00192525 -1.32352e-05
45 25 25 0.000584381 -0.00233559 -1.74617e-05
5 25 20 4.61768e-05 -6.17413e-05 -2.15035e-18
10 25 20 9.55259e-05 -0.000184533 -3.86983e-18
15 25 20 0.000147355 -0.000362735 -5.13593e-18
20 25 20 0.000201954 -0.000591399 -6.113e-18
25 25 20 0.00026078 -0.000866768 -6.98925e-18
30 25 20 0.000327204 -0.00118521 -7.70334e-18
35 25 20 0.000404477 -0.00154263 -8.12403e-18
40 25 20 0.000493759 -0.00192795 -8.66443e-18
45 25 20 0.000584135 -0.00233879 -8.5347e-18
5 25 15 4.61806e-05 -6.10756e-05 2.35141e-06
10 25 15 9.56622e-05 -0.000183273 4.08536e-06
15 25 15 0.000147577 -0.000360996 5.03817e-06
20 25 15 0.000202265 -0.000589335 5.50806e-06
25 25 15 0.000261105 -0.000864522 6.05352e-06
30 25 15 0.000327505 -0.00118286 7.32916e-06
35 25 15 0.000404777 -0.00154017 9.71529e-06
40 25 15 0.000494029 -0.00192525 1.32352e-05
45 25 15 0.000584381 -0.00233559 1.74617e-05
5 25 10 4.63216e-05 -5.88814e-05 5.16513e-06
10 25 10 9.60549e-05 -0.000179174 8.82305e-06
15 25 10 0.000148392 -0.000355487 1.05989e-05
20 25 10 0.000203155 -0.000582913 1.116e-05
25 25 10 0.000262093 -0.000857699 1.20269e-05
30 25 10 0.000328634 -0.00117599 1.43988e-05
35 25 10 0.000405905 -0.00153321 1.93549e-05
40 25 10 0.000495358 -0.00191778 2.6832e-05
45 25 10 0.000585895 -0.00232671 3.58273e-05
5 25 5 4.65104e-05 -5.39382e-05 8.94775e-06
10 25 5 9.76625e-05 -0.00017074 1.5011e-05
15 25 5 0.00014972 -0.000344723 1.65451e-05
20 25 5 0.000204362 -0.000571055 1.68204e-05
25 25 5 0.000263712 -0.000845781 1.76857e-05
30 25 5 0.000331159 -0.00116474 2.09721e-05
35 25 5 0.000409496 -0.00152309 2.82955e-05
40 25 5 0.000499073 -0.00190854 4.12965e-05
45 25 5 0.000590492 -0.00231551 5.62649e-05
5 20 35 -5.99375e-07 -5.06101e-05 6.49047e-07
10 20 35 6.00306e-07 -0.000162842 1.45293e-06
15 20 35 5.34021e-06 -0.000331115 1.98721e-06
20 20 35 1.62436e-05 -0.000550227 1.74903e-06
25 20 35 3.72711e-05 -0.000816415 -2.04495e-07
30 20 35 7.37922e-05 -0.00112741 -5.41426e-06
35 20 35 0.000133293 -0.00148172 -1.54283e-05
40 20 35 0.00022429 -0.00188101 -3.34494e-05
45 20 35 0.000374004 -0.00231496 -5.52968e-05
5 20 30 -4.62241e-07 -5.57538e-05 4.01063e-07
10 20 30 7.95408e-07 -0.000171667 8.84423e-07
15 20 30 5.2577e-06 -0.000342468 1.2174e-06
20 20 30 1.55185e-05 -0.000563081 9.8067e-07
25 20 30 3.54801e-05 -0.000829971 -4.86662e-07
30 20 30 7.06293e-05 -0.00114118 -4.06151e-06
35 20 30 0.000128575 -0.00149553 -1.09512e-05
40 20 30 0.000219755 -0.00189516 -2.11117e-05
45 20 30 0.000368198 -0.00233034 -3.34166e-05
5 20 25 -4.16505e-07 -5.80759e-05 1.9548e-07
10 20 25 8.03135e-07 -0.000175953 4.22267e-07
15 20 25 5.12324e-06 -0.000348284 5.6873e-07
20 20 25 1.50896e-05 -0.000570014 4.17318e-07
25 20 25 3.46706e-05 -0.00083759 -3.60009e-07
30 20 25 6.94443e-05 -0.00114921 -2.21885e-06
35 20 25 0.00012741 -0.0015039 -5.46418e-06
40 20 25 0.000218354 -0.00190426 -1.00945e-05
45 20 25 0.000366897 -0.00234099 -1.55877e-05
5 20 20 -4.09597e-07 -5.87439e-05 5.20515e-19
10 20 20 7.94054e-07 -0.00017724 1.44784e-18
15 20 20 5.0635e-06 -0.000350083 2.74477e-18
20 20 20 1.49527e-05 -0.0005722 4.34063e-18
25 20 20 3.44397e-05 -0.000840047 5.87883e-18
30 20 20 6.9198e-05 -0.00115184 7.62892e-18
35 20 20 0.000127129 -0.00150672 9.06174e-18
40 20 20 0.000218127 -0.00190737 9.54061e-18
45 20 20 0.00036666 -0.00234451 9.62865e-18
5 20 15 -4.16505e-07 -5.80759e-05 -1.9548e-07
10 20 15 8.03135e-07 -0.000175953 -4.22267e-07
15 20 15 5.12324e-06 -0.000348284 -5.6873e-07
20 20 15 1.50896e-05 -0.000570014 -4.17318e-07
25 20 15 3.46706e-05 -0.00083759 3.60009e-07
30 20 15 6.94443e-05 -0.00114921 2.21885e-06
35 20 15 0.00012741 -0.0015039 5.46418e-06
40 20 15 0.000218354 -0.00190426 1.00945e-05
45 20 15 0.000366897 -0.00234099 1.55877e-05
5 20 10 -4.62241e-07 -5.57538e-05 -4.01063e-07
10 20 10 7.95408e-07 -0.000171667 -8.84423e-07
15 20 10 5.2577e-06 -0.000342468 -1.2174e-06
20 20 10 1.55185e-05 -0.000563081 -9.8067e-07
25 20 10 3.54801e-05 -0.000829971 4.86662e-07
30 20 10 7.06293e-05 -0.00114118 4.06151e-06
35 20 10 0.000128575 -0.00149553 1.09512e-05
40 20 10 0.000219755 -0.00189516 2.11117e-05
45 20 10 0.000368198 -0.00233034 3.34166e-05
5 20 5 -5.99375e-07 -5.06101e-05 -6.49047e-07
10 20 5 6.00306e-07 -0.000162842 -1.45293e-06
15 20 5 5.34021e-06 -0.000331115 -1.98721e-06
20 20 5 1.62436e-05 -0.000550227 -1.74903e-06
25 20 5 3.72711e-05 -0.000816415 2.04495e-07
30 20 5 7.37922e-05 -0.00112741 5.41426e-06
35 20 5 0.000133293 -0.00148172 1.54283e-05
40 20 5 0.00022429 -0.00188101 3.34494e-05
45 20 5 0.000374004 -0.00231496 5.52968e-05
5 15 35 -4.80269e-05 -4.97801e-05 1.02339e-05
10 15 35 -9.79605e-05 -0.000160128 1.80206e-05
15 15 35 -0.000143373 -0.000324024 2.09778e-05
20 15 35 -0.000181887 -0.00053596 2.15087e-05
25 15 35 -0.000209476 -0.00079251 1.9737e-05
30 15 35 -0.000221018 -0.00109287 1.48525e-05
35 15 35 -0.000209625 -0.00143968 5.19136e-06
40 15 35 -0.000164425 -0.00183957 -1.1167e-05
45 15 35 -7.46983e-05 -0.00230513 -3.23876e-05
5 15 30 -4.75084e-05 -5.49376e-05 5.98499e-06
10 15 30 -9.58462e-05 -0.000169078 1.07152e-05
15 15 30 -0.000141992 -0.000335818 1.34068e-05
20 15 30 -0.000181768 -0.000549686 1.3978e-05
25 15 30 -0.00021085 -0.000807581 1.27841e-05
30 15 30 -0.000224034 -0.00110909 9.37563e-06
35 15 30 -0.000214127 -0.00145723 2.93182e-06
40 15 30 -0.00016945 -0.00185866 -6.70172e-06
45 15 30 -8.03732e-05 -0.00232663 -1.82819e-05
5 15 25 -4.72555e-05 -5.73016e-05 2.7687e-06
10 15 25 -9.53973e-05 -0.000173545 5.01893e-06
15 15 25 -0.000141384 -0.000341986 6.39584e-06
20 15 25 -0.000181646 -0.00055719 6.80969e-06
25 15 25 -0.000211383 -0.000816047 6.21487e-06
30 15 25 -0.000225138 -0.00111829 4.46808e-06
35 15 25 -0.000215482 -0.00146706 1.35959e-06
40 15 25 -0.000171005 -0.00186923 -3.03714e-06
45 15 25 -8.2309e-05 -0.00233856 -8.21541e-06
5 15 20 -4.7234e-05 -5.80236e-05 3.21774e-18
10 15 20 -9.52728e-05 -0.000174928 6.85731e-18
15 15 20 -0.000141273 -0.000343941 1.07577e-17
20 15 20 -0.000181605 -0.000559597 1.48196e-17
25 15 20 -0.000211516 -0.000818798 1.92e-17
30 15 20 -0.000225384 -0.00112129 2.35638e-17
35 15 20 -0.000215797 -0.00147028 2.73712e-17
40 15 20 -0.000171352 -0.00187274 3.16824e-17
45 15 20 -8.27927e-05 -0.00234252 3.2405e-17
5 15 15 -4.72555e-05 -5.73016e-05 -2.7687e-06
10 15 15 -9.53973e-05 -0.000173545 -5.01893e-06
15 15 15 -0.000141384 -0.000341986 -6.39584e-06
20 15 15 -0.000181646 -0.00055719 -6.80969e-06
25 15 15 -0.000211383 -0.000816047 -6.21487e-06
30 15 15 -0.000225138 -0.00111829 -4.46808e-06
35 15 15 -0.000215482 -0.00146706 -1.35959e-06
40 15 15 -0.000171005 -0.00186923 3.03714e-06
45 15 15 -8.2309e-05 -0.00233856 8.21541e-06
5 15 10 -4.75084e-05 -5.49376e-05 -5.98499e-06
10 15 10 -9.58462e-05 -0.000169078 -1.07152e-05
15 15 10 -0.000141992 -0.000335818 -1.34068e-05
20 15 10 -0.000181768 -0.000549686 -1.3978e-05
25 15 10 -0.00021085 -0.000807581 -1.27841e-05
30 15 10 -0.000224034 -0.00110909 -9.37563e-06
35 15 10 -0.000214127 -0.00145723 -2.93182e-06
40 15 10 -0.00016945 -0.00185866 6.70172e-06
45 15 10 -8.03732e-05 -0.00232663 1.82819e-05
5 15 5 -4.80269e-05 -4.97801e-05 -1.02339e-05
10 15 5 -9.79605e-05 -0.000160128 -1.80206e-05
15 15 5 -0.000143373 -0.000324024 -2.09778e-05
20 15 5 -0.000181887 -0.00053596 -2.15087e-05
25 15 5 -0.000209476 -0.00079251 -1.9737e-05
30 15 5 -0.000221018 -0.00109287 -1.48525e-05
35 15 5 -0.000209625 -0.00143968 -5.19136e-06
40 15 5 -0.000164425 -0.00183957 1.1167e-05
45 15 5 -7.46983e-05 -0.00230513 3.23876e-05
5 10 35 -9.78032e-05 -5.29162e-05 1.9828e-05
10 10 35 -0.000201273 -0.000164963 3.41837e-05
15 10 35 -0.000300517 -0.000326948 3.96461e-05
20 10 35 -0.000392708 -0.000533025 4.16e-05
25 10 35 -0.000477316 -0.000781572 4.12613e-05
30 10 35 -0.000552622 -0.00107285 3.86631e-05
35 10 35 -0.000616093 -0.00141284 3.28306e-05
40 10 35 -0.000666515 -0.00181663 2.31851e-05
45 10 35 -0.000713598 -0.00232619 1.10374e-05
5 10 30 -9.69802e-05 -5.76993e-05 1.13108e-05
10 10 30 -0.000197223 -0.000173817 2.01478e-05
15 10 30 -0.000297702 -0.000338948 2.52763e-05
20 10 30 -0.000391638 -0.000547278 2.71011e-05
25 10 30 -0.000477929 -0.000797659 2.69958e-05
30 10 30 -0.000554859 -0.00109082 2.50649e-05
35 10 30 -0.000619645 -0.00143298 2.10243e-05
40 10 30 -0.000671107 -0.00183925 1.48325e-05
45 10 30 -0.000719059 -0.00235156 7.43272e-06
5 10 25 -9.65456e-05 -6.01851e-05 5.25497e-06
10 10 25 -0.000196422 -0.000178585 9.4499e-06
15 10 25 -0.000296491 -0.000345643 1.21082e-05
20 10 25 -0.000391082 -0.000555468 1.33119e-05
25 10 25 -0.000478245 -0.000807013 1.33139e-05
30 10 25 -0.00055595 -0.00110118 1.23231e-05
35 10 25 -0.000621294 -0.00144431 1.02975e-05
40 10 25 -0.000673161 -0.00185163 7.33172e-06
45 10 25 -0.000721571 -0.00236547 3.90378e-06
5 10 20 -9.65265e-05 -6.09306e-05 6.04612e-18
10 10 20 -0.0001962 -0.00018009 1.22937e-17
15 10 20 -0.000296277 -0.000347791 1.89081e-17
20 10 20 -0.000390931 -0.000558117 2.57619e-17
25 10 20 -0.000478347 -0.000810054 3.31897e-17
30 10 20 -0.000556278 -0.00110453 4.04501e-17
35 10 20 -0.000621779 -0.00144794 4.78069e-17
40 10 20 -0.000673769 -0.00185556 5.46569e-17
45 10 20 -0.000722352 -0.00236986 6.14075e-17
5 10 15 -9.65456e-05 -6.01851e-05 -5.25497e-06
10 10 15 -0.000196422 -0.000178585 -9.4499e-06
15 10 15 -0.000296491 -0.000345643 -1.21082e-05
20 10 15 -0.000391082 -0.000555468 -1.33119e-05
25 10 15 -0.000478245 -0.000807013 -1.33139e-05
30 10 15 -0.00055595 -0.00110118 -1.23231e-05
35 10 15 -0.000621294 -0.00144431 -1.02975e-05
40 10 15 -0.000673161 -0.00185163 -7.33172e-06
45 10 15 -0.000721571 -0.00236547 -3.90378e-06
5 10 10 -9.69802e-05 -5.76993e-05 -1.13108e-05
10 10 10 -0.000197223 -0.000173817 -2.01478e-05
15 10 10 -0.000297702 -0.000338948 -2.52763e-05
20 10 10 -0.000391638 -0.000547278 -2.71011e-05
25 10 10 -0.000477929 -0.000797659 -2.69958e-05
30 10 10 -0.000554859 -0.00109082 -2.50649e-05
35 10 10 -0.000619645 -0.00143298 -2.10243e-05
40 10 10 -0.000671107 -0.00183925 -1.48325e-05
45 10 10 -0.000719059 -0.00235156 -7.43272e-06
5 10 5 -9.78032e-05 -5.29162e-05 -1.9828e-05
10 10 5 -0.000201273 -0.000164963 -3.41837e-05
15 10 5 -0.000300517 -0.000326948 -3.96461e-05
20 10 5 -0.000392708 -0.000533025 -4.16e-05
25 10 5 -0.000477316 -0.000781572 -4.12613e-05
30 10 5 -0.000552622 -0.00107285 -3.86631e-05
35 10 5 -0.000616093 -0.00141284 -3.28306e-05
40 10 5 -0.000666515 -0.00181663 -2.31851e-05
45 10 5 -0.000713598 -0.00232619 -1.10374e-05
5 5 35 -0.000151264 -6.2701e-05 2.81037e-05
10 5 35 -0.000315411 -0.000181253 4.83104e-05
15 5 35 -0.000466864 -0.000340685 5.63251e-05
20 5 35 -0.000612522 -0.000543727 6.03375e-05
25 5 35 -0.0007557 -0.000787925 6.21628e-05
30 5 35 -0.000900429 -0.00107455 6.28586e-05
35 5 35 -0.00105152 -0.00141215 6.2419e-05
40 5 35 -0.00121575 -0.00182461 6.0795e-05
45 5 35 -0.00139838 -0.00235631 5.84415e-05
5 5 30 -0.00015027 -6.7652e-05 1.62698e-05
10 5 30 -0.000310224 -0.000190773 2.86606e-05
15 5 30 -0.000463516 -0.000353454 3.62546e-05
20 5 30 -0.000610989 -0.000558739 3.9707e-05
25 5 30 -0.00075594 -0.000805039 4.12478e-05
30 5 30 -0.000902228 -0.00109404 4.15485e-05
35 5 30 -0.00105468 -0.00143456 4.08163e-05
40 5 30 -0.00122003 -0.00185057 3.90999e-05
45 5 30 -0.00140328 -0.00238641 3.66975e-05
5 5 25 -0.000149893 -7.01112e-05 7.64018e-06
10 5 25 -0.000309618 -0.000196022 1.36402e-05
15 5 25 -0.00046228 -0.000360751 1.75574e-05
20 5 25 -0.00061051 -0.00056756 1.97044e-05
25 5 25 -0.000756458 -0.000815082 2.05823e-05
30 5 25 -0.000903766 -0.00110526 2.0713e-05
35 5 25 -0.00105707 -0.00144703 2.02402e-05
40 5 25 -0.00122302 -0.00186446 1.92572e-05
45 5 25 -0.00140655 -0.00240197 1.79699e-05
5 5 20 -0.000149969 -7.0845e-05 8.8894e-18
10 5 20 -0.000309486 -0.000197595 1.77253e-17
15 5 20 -0.000462148 -0.000363069 2.70463e-17
20 5 20 -0.000610421 -0.000570408 3.66792e-17
25 5 20 -0.000756693 -0.000818336 4.71763e-17
30 5 20 -0.000904326 -0.00110885 5.79641e-17
35 5 20 -0.0010579 -0.00145094 6.82097e-17
40 5 20 -0.00122405 -0.00186871 8.052e-17
45 5 20 -0.00140768 -0.00240669 9.14279e-17
5 5 15 -0.000149893 -7.01112e-05 -7.64018e-06
10 5 15 -0.000309618 -0.000196022 -1.36402e-05
15 5 15 -0.00046228 -0.000360751 -1.75574e-05
20 5 15 -0.00061051 -0.00056756 -1.97044e-05
25 5 15 -0.000756458 -0.000815082 -2.05823e-05
30 5 15 -0.000903766 -0.00110526 -2.0713e-05
35 5 15 -0.00105707 -0.00144703 -2.02402e-05
40 5 15 -0.00122302 -0.00186446 -1.92572e-05
45 5 15 -0.00140655 -0.00240197 -1.79699e-05
5 5 10 -0.00015027 -6.7652e-05 -1.62698e-05
10 5 10 -0.000310224 -0.000190773 -2.86606e-05
15 5 10 -0.000463516 -0.000353454 -3.62546e-05
20 5 10 -0.000610989 -0.000558739 -3.9707e-05
25 5 10 -0.00075594 -0.000805039 -4.12478e-05
30 5 10 -0.000902228 -0.00109404 -4.15485e-05
35 5 10 -0.00105468 -0.00143456 -4.08163e-05
40 5 10 -0.00122003 -0.00185057 -3.90999e-05
45 5 10 -0.00140328 -0.00238641 -3.66975e-05
5 5 5 -0.000151264 -6.2701e-05 -2.81037e-05
10 5 5 -0.000315411 -0.000181253 -4.83104e-05
15 5 5 -0.000466864 -0.000340685 -5.63251e-05
20 5 5 -0.000612522 -0.000543727 -6.03375e-05
25 5 5 -0.0007557 -0.000787925 -6.21628e-05
30 5 5 -0.000900429 -0.00107455 -6.28586e-05
35 5 5 -0.00105152 -0.00141215 -6.2419e-05
40 5 5 -0.00121575 -0.00182461 -6.0795e-05
45 5 5 -0.00139838 -0.00235631 -5.84415e-05
