50 20 40 13.9423
100 20 40 0.740993
100 20 0 0.740993
50 20 0 13.9423
100 0 40 29.0634
100 0 0 29.0634
50 0 0 13.7565
50 0 40 13.7565
0 40 40 8.92836
50 40 40 0.347126
50 40 0 0.347126
0 40 0 8.92836
0 0 0 8.69084
0 0 40 8.69084
55 20 40 16.9154
60 20 40 12.4524
65 20 40 11.1826
70 20 40 9.7229
75 20 40 8.24647
80 20 40 6.64194
85 20 40 4.85549
90 20 40 2.89584
95 20 40 1.26729
100 20 35 0.621396
100 20 30 0.617896
100 20 25 0.602955
100 20 20 0.596206
100 20 15 0.602955
100 20 10 0.617896
100 20 5 0.621396
95 20 0 1.26729
90 20 0 2.89584
85 20 0 4.85549
80 20 0 6.64194
75 20 0 8.24647
70 20 0 9.7229
65 20 0 11.1826
60 20 0 12.4524
55 20 0 16.9154
50 20 5 14.3284
50 20 10 14.6135
50 20 15 14.5402
50 20 20 14.5133
50 20 25 14.5402
50 20 30 14.6135
50 20 35 14.3284
95 0 40 8.64055
90 0 40 5.6829
85 0 40 5.14661
80 0 40 6.65362
75 0 40 8.18579
70 0 40 9.88923
65 0 40 11.6083
60 0 40 13.1069
55 0 40 13.9498
100 0 5 12.2276
100 0 10 12.9079
100 0 15 12.3042
100 0 20 12.3457
100 0 25 12.3042
100 0 30 12.9079
100 0 35 12.2276
55 0 0 13.9498
60 0 0 13.1069
65 0 0 11.6083
70 0 0 9.88923
75 0 0 8.18579
80 0 0 6.65362
85 0 0 5.14661
90 0 0 5.6829
95 0 0 8.64055
50 0 35 13.7013
50 0 30 13.6918
50 0 25 13.6216
50 0 20 13.5876
50 0 15 13.6216
50 0 10 13.6918
50 0 5 13.7013
50 5 0 7.83559
50 10 0 2.96871
50 15 0 4.80407
50 15 40 4.80407
50 10 40 2.96871
50 5 40 7.83559
100 5 0 12.921
100 10 0 4.78832
100 15 0 1.35775
100 15 40 1.35775
100 10 40 4.78832
100 5 40 12.921
5 40 40 8.47309
10 40 40 7.16399
15 40 40 6.72458
20 40 40 6.10306
25 40 40 5.24861
30 40 40 4.07166
35 40 40 2.6566
40 40 40 1.34194
45 40 40 0.690361
50 40 35 0.251115
50 40 30 0.329872
50 40 25 0.464177
50 40 20 0.53288
50 40 15 0.464177
50 40 10 0.329872
50 40 5 0.251115
45 40 0 0.690361
40 40 0 1.34194
35 40 0 2.6566
30 40 0 4.07166
25 40 0 5.24861
20 40 0 6.10306
15 40 0 6.72458
10 40 0 7.16399
5 40 0 8.47309
0 40 5 8.31226
0 40 10 8.39509
0 40 15 8.4398
0 40 20 8.4601
0 40 25 8.4398
0 40 30 8.39509
0 40 35 8.31226
45 0 40 12.5181
40 0 40 10.719
35 0 40 8.98801
30 0 40 7.77078
25 0 40 7.13975
20 0 40 6.93603
15 0 40 7.00554
10 0 40 7.17781
5 0 40 8.33125
5 0 0 8.33125
10 0 0 7.17781
15 0 0 7.00554
20 0 0 6.93603
25 0 0 7.13975
30 0 0 7.77078
35 0 0 8.98801
40 0 0 10.719
45 0 0 12.5181
0 0 35 8.01678
0 0 30 8.0861
0 0 25 8.13219
0 0 20 8.15438
0 0 15 8.13219
0 0 10 8.0861
0 0 5 8.01678
0 35 0 5.92617
0 30 0 3.87583
0 25 0 2.11925
0 20 0 1.08912
0 15 0 2.14703
0 10 0 3.92013
0 5 0 5.91985
0 5 40 5.91985
0 10 40 3.92013
0 15 40 2.14703
0 20 40 1.08912
0 25 40 2.11925
0 30 40 3.87583
0 35 40 5.92617
50 25 0 7.22021
50 30 0 1.67251
50 35 0 0.786193
50 35 40 0.786193
50 30 40 1.67251
50 25 40 7.22021
55 20 35 17.1441
60 20 35 12.6393
65 20 35 11.1446
70 20 35 9.67622
75 20 35 8.16877
80 20 35 6.53759
85 20 35 4.70617
90 20 35 2.72027
95 20 35 1.13412
55 20 30 17.2022
60 20 30 12.7041
65 20 30 11.2076
70 20 30 9.70143
75 20 30 8.16074
80 20 30 6.50304
85 20 30 4.66264
90 20 30 2.69198
95 20 30 1.12452
55 20 25 17.1247
60 20 25 12.628
65 20 25 11.1763
70 20 25 9.66836
75 20 25 8.11472
80 20 25 6.4465
85 20 25 4.60705
90 20 25 2.65149
95 20 25 1.08581
55 20 20 17.084
60 20 20 12.5881
65 20 20 11.151
70 20 20 9.64922
75 20 20 8.09337
80 20 20 6.42265
85 20 20 4.58294
90 20 20 2.62582
95 20 20 1.05901
55 20 15 17.1247
60 20 15 12.628
65 20 15 11.1763
70 20 15 9.66836
75 20 15 8.11472
80 20 15 6.4465
85 20 15 4.60705
90 20 15 2.65149
95 20 15 1.08581
55 20 10 17.2022
60 20 10 12.7041
65 20 10 11.2076
70 20 10 9.70143
75 20 10 8.16074
80 20 10 6.50304
85 20 10 4.66264
90 20 10 2.69198
95 20 10 1.12452
55 20 5 17.1441
60 20 5 12.6393
65 20 5 11.1446
70 20 5 9.67622
75 20 5 8.16877
80 20 5 6.53759
85 20 5 4.70617
90 20 5 2.72027
95 20 5 1.13412
55 0 35 13.8878
60 0 35 13.0387
65 0 35 11.5602
70 0 35 9.85017
75 0 35 8.17042
80 0 35 6.60315
85 0 35 5.33343
90 0 35 4.74792
95 0 35 4.20985
55 0 30 13.8588
60 0 30 13.0163
65 0 30 11.5471
70 0 30 9.85784
75 0 30 8.18698
80 0 30 6.61784
85 0 30 5.19558
90 0 30 4.48331
95 0 30 4.20166
55 0 25 13.7678
60 0 25 12.9207
65 0 25 11.468
70 0 25 9.79921
75 0 25 8.14066
80 0 25 6.55495
85 0 25 5.09309
90 0 25 4.3654
95 0 25 4.20352
55 0 20 13.7261
60 0 20 12.8794
65 0 20 11.4315
70 0 20 9.76974
75 0 20 8.11508
80 0 20 6.52604
85 0 20 5.06065
90 0 20 4.34024
95 0 20 4.25583
55 0 15 13.7678
60 0 15 12.9207
65 0 15 11.468
70 0 15 9.79921
75 0 15 8.14066
80 0 15 6.55495
85 0 15 5.09309
90 0 15 4.3654
95 0 15 4.20352
55 0 10 13.8588
60 0 10 13.0163
65 0 10 11.5471
70 0 10 9.85784
75 0 10 8.18698
80 0 10 6.61784
85 0 10 5.19558
90 0 10 4.48331
95 0 10 4.20166
55 0 5 13.8878
60 0 5 13.0387
65 0 5 11.5602
70 0 5 9.85017
75 0 5 8.17042
80 0 5 6.60315
85 0 5 5.33343
90 0 5 4.74792
95 0 5 4.20985
50 15 35 5.15158
50 15 30 4.98217
50 15 25 4.90388
50 15 20 4.87787
50 15 15 4.90388
50 15 10 4.98217
50 15 5 5.15158
50 10 35 2.89411
50 10 30 2.97827
50 10 25 3.00852
50 10 20 3.0154
50 10 15 3.00852
50 10 10 2.97827
50 10 5 2.89411
50 5 35 7.66663
50 5 30 7.64788
50 5 25 7.62548
50 5 20 7.61995
50 5 15 7.62548
50 5 10 7.64788
50 5 5 7.66663
100 15 35 1.3204
100 15 30 1.15971
100 15 25 1.09533
100 15 20 1.09772
100 15 15 1.09533
100 15 10 1.15971
100 15 5 1.3204
100 10 35 3.96364
100 10 30 3.10905
100 10 25 3.08994
100 10 20 3.11293
100 10 15 3.08994
100 10 10 3.10905
100 10 5 3.96364
100 5 35 6.23278
100 5 30 6.63996
100 5 25 6.65845
100 5 20 6.60315
100 5 15 6.65845
100 5 10 6.63996
100 5 5 6.23278
55 15 40 5.9763
60 15 40 7.05798
65 15 40 6.26032
70 15 40 5.51551
75 15 40 4.80796
80 15 40 4.20122
85 15 40 3.7298
90 15 40 3.11807
95 15 40 2.03426
55 10 40 2.86806
60 10 40 2.73895
65 10 40 2.94409
70 10 40 2.99961
75 10 40 3.08023
80 10 40 3.11977
85 10 40 3.29976
90 10 40 3.53826
95 10 40 3.2346
55 5 40 7.68621
60 5 40 7.09888
65 5 40 6.28537
70 5 40 5.49797
75 5 40 4.73121
80 5 40 3.9791
85 5 40 3.12383
90 5 40 2.97879
95 5 40 2.3225
55 15 0 5.9763
60 15 0 7.05798
65 15 0 6.26032
70 15 0 5.51551
75 15 0 4.80796
80 15 0 4.20122
85 15 0 3.7298
90 15 0 3.11807
95 15 0 2.03426
55 10 0 2.86806
60 10 0 2.73895
65 10 0 2.94409
70 10 0 2.99961
75 10 0 3.08023
80 10 0 3.11977
85 10 0 3.29976
90 10 0 3.53826
95 10 0 3.2346
55 5 0 7.68621
60 5 0 7.09888
65 5 0 6.28537
70 5 0 5.49797
75 5 0 4.73121
80 5 0 3.9791
85 5 0 3.12383
90 5 0 2.97879
95 5 0 2.3225
5 40 35 8.23571
10 40 35 7.42123
15 40 35 6.85075
20 40 35 6.16652
25 40 35 5.25782
30 40 35 4.03502
35 40 35 2.57823
40 40 35 1.23888
45 40 35 0.586637
5 40 30 8.08196
10 40 30 7.35188
15 40 30 6.87492
20 40 30 6.19231
25 40 30 5.26397
30 40 30 4.0243
35 40 30 2.56799
40 40 30 1.24675
45 40 30 0.647125
5 40 25 8.04604
10 40 25 7.25858
15 40 25 6.82137
20 40 25 6.17081
25 40 25 5.25453
30 40 25 4.02355
35 40 25 2.58694
40 40 25 1.3067
45 40 25 0.760464
5 40 20 8.0373
10 40 20 7.23046
15 40 20 6.7959
20 40 20 6.15801
25 40 20 5.25009
30 40 20 4.02549
35 40 20 2.5987
40 40 20 1.33705
45 40 20 0.812157
5 40 15 8.04604
10 40 15 7.25858
15 40 15 6.82137
20 40 15 6.17081
25 40 15 5.25453
30 40 15 4.02355
35 40 15 2.58694
40 40 15 1.3067
45 40 15 0.760464
5 40 10 8.08196
10 40 10 7.35188
15 40 10 6.87492
20 40 10 6.19231
25 40 10 5.26397
30 40 10 4.0243
35 40 10 2.56799
40 40 10 1.24675
45 40 10 0.647125
5 40 5 8.23571
10 40 5 7.42123
15 40 5 6.85075
20 40 5 6.16652
25 40 5 5.25782
30 40 5 4.03502
35 40 5 2.57823
40 40 5 1.23888
45 40 5 0.586637
5 0 35 8.05261
10 0 35 7.40659
15 0 35 7.11465
20 0 35 7.00023
25 0 35 7.17394
30 0 35 7.78833
35 0 35 8.9867
40 0 35 10.6941
45 0 35 12.4725
5 0 30 7.89176
10 0 30 7.34661
15 0 30 7.17463
20 0 30 7.09152
25 0 30 7.2736
30 0 30 7.88998
35 0 30 9.07834
40 0 30 10.7604
45 0 30 12.5057
5 0 25 7.86296
10 0 25 7.27154
15 0 25 7.15541
20 0 25 7.12054
25 0 25 7.32117
30 0 25 7.93543
35 0 25 9.10665
40 0 25 10.7582
45 0 25 12.466
5 0 20 7.85812
10 0 20 7.25085
15 0 20 7.14211
20 0 20 7.12399
25 0 20 7.3331
30 0 20 7.94675
35 0 20 9.11135
40 0 20 10.7522
45 0 20 12.4462
5 0 15 7.86296
10 0 15 7.27154
15 0 15 7.15541
20 0 15 7.12054
25 0 15 7.32117
30 0 15 7.93543
35 0 15 9.10665
40 0 15 10.7582
45 0 15 12.466
5 0 10 7.89176
10 0 10 7.34661
15 0 10 7.17463
20 0 10 7.09152
25 0 10 7.2736
30 0 10 7.88998
35 0 10 9.07834
40 0 10 10.7604
45 0 10 12.5057
5 0 5 8.05261
10 0 5 7.40659
15 0 5 7.11465
20 0 5 7.00023
25 0 5 7.17394
30 0 5 7.78833
35 0 5 8.9867
40 0 5 10.6941
45 0 5 12.4725
0 35 35 5.32429
0 35 30 5.32368
0 35 25 5.32732
0 35 20 5.33338
0 35 15 5.32732
0 35 10 5.32368
0 35 5 5.32429
0 30 35 3.56468
0 30 30 3.58803
0 30 25 3.60226
0 30 20 3.60938
0 30 15 3.60226
0 30 10 3.58803
0 30 5 3.56468
0 25 35 2.14433
0 25 30 2.23039
0 25 25 2.26948
0 25 20 2.28251
0 25 15 2.26948
0 25 10 2.23039
0 25 5 2.14433
0 20 35 1.41628
0 20 30 1.56006
0 20 25 1.62499
0 20 20 1.64367
0 20 15 1.62499
0 20 10 1.56006
0 20 5 1.41628
0 15 35 2.10463
0 15 30 2.17868
0 15 25 2.21524
0 15 20 2.22808
0 15 15 2.21524
0 15 10 2.17868
0 15 5 2.10463
0 10 35 3.53329
0 10 30 3.53884
0 10 25 3.54774
0 10 20 3.55411
0 10 15 3.54774
0 10 10 3.53884
0 10 5 3.53329
0 5 35 5.25155
0 5 30 5.23068
0 5 25 5.22929
0 5 20 5.23495
0 5 15 5.22929
0 5 10 5.23068
0 5 5 5.25155
50 35 35 0.683055
50 35 30 0.737777
50 35 25 0.807523
50 35 20 0.829771
50 35 15 0.807523
50 35 10 0.737777
50 35 5 0.683055
50 30 35 1.57147
50 30 30 1.73541
50 30 25 1.78063
50 30 20 1.78723
50 30 15 1.78063
50 30 10 1.73541
50 30 5 1.57147
50 25 35 7.41421
50 25 30 7.62311
50 25 25 7.69278
50 25 20 7.70343
50 25 15 7.69278
50 25 10 7.62311
50 25 5 7.41421
5 35 40 6.03332
10 35 40 5.51406
15 35 40 5.18446
20 35 40 4.84627
25 35 40 4.47065
30 35 40 4.03338
35 35 40 3.42279
40 35 40 2.50144
45 35 40 1.35015
5 30 40 3.78085
10 30 40 3.74262
15 30 40 3.83272
20 30 40 3.95649
25 30 40 4.20086
30 30 40 4.52351
35 30 40 4.73966
40 30 40 4.27939
45 30 40 3.34327
5 25 40 1.93224
10 25 40 2.17726
15 25 40 2.54384
20 25 40 2.97719
25 25 40 3.55546
30 25 40 4.29845
35 25 40 5.10311
40 25 40 5.91927
45 25 40 4.42942
5 20 40 0.554469
10 20 40 1.01987
15 20 40 1.35967
20 20 40 1.71598
25 20 40 2.25947
30 20 40 3.08004
35 20 40 4.20786
40 20 40 5.61162
45 20 40 8.38447
5 15 40 1.88456
10 15 40 1.80053
15 15 40 1.65924
20 15 40 1.32706
25 15 40 0.973801
30 15 40 1.1884
35 15 40 2.12849
40 15 40 3.36184
45 15 40 3.81154
5 10 40 3.80816
10 10 40 3.59355
15 10 40 3.41578
20 10 40 3.10885
25 10 40 2.74687
30 10 40 2.46141
35 10 40 2.51154
40 10 40 2.87357
45 10 40 3.108
5 5 40 6.06571
10 5 40 5.58264
15 5 40 5.36983
20 5 40 5.24056
25 5 40 5.22994
30 5 40 5.41122
35 5 40 5.89197
40 5 40 6.67376
45 5 40 7.44705
5 35 0 6.03332
10 35 0 5.51406
15 35 0 5.18446
20 35 0 4.84627
25 35 0 4.47065
30 35 0 4.03338
35 35 0 3.42279
40 35 0 2.50144
45 35 0 1.35015
5 30 0 3.78085
10 30 0 3.74262
15 30 0 3.83272
20 30 0 3.95649
25 30 0 4.20086
30 30 0 4.52351
35 30 0 4.73966
40 30 0 4.27939
45 30 0 3.34327
5 25 0 1.93224
10 25 0 2.17726
15 25 0 2.54384
20 25 0 2.97719
25 25 0 3.55546
30 25 0 4.29845
35 25 0 5.10311
40 25 0 5.91927
45 25 0 4.42942
5 20 0 0.554469
10 20 0 1.01987
15 20 0 1.35967
20 20 0 1.71598
25 20 0 2.25947
30 20 0 3.08004
35 20 0 4.20786
40 20 0 5.61162
45 20 0 8.38447
5 15 0 1.88456
10 15 0 1.80053
15 15 0 1.65924
20 15 0 1.32706
25 15 0 0.973801
30 15 0 1.1884
35 15 0 2.12849
40 15 0 3.36184
45 15 0 3.81154
5 10 0 3.80816
10 10 0 3.59355
15 10 0 3.41578
20 10 0 3.10885
25 10 0 2.74687
30 10 0 2.46141
35 10 0 2.51154
40 10 0 2.87357
45 10 0 3.108
5 5 0 6.06571
10 5 0 5.58264
15 5 0 5.36983
20 5 0 5.24056
25 5 0 5.22994
30 5 0 5.41122
35 5 0 5.89197
40 5 0 6.67376
45 5 0 7.44705
55 15 35 6.08703
60 15 35 7.07745
65 15 35 6.11293
70 15 35 5.32838
75 15 35 4.57645
80 15 35 3.91882
85 15 35 3.37902
90 15 35 2.745
95 15 35 1.76204
55 15 30 5.97281
60 15 30 7.17369
65 15 30 6.13046
70 15 30 5.28592
75 15 30 4.4953
80 15 30 3.80405
85 15 30 3.23048
90 15 30 2.58989
95 15 30 1.61141
55 15 25 5.92163
60 15 25 7.16274
65 15 25 6.13466
70 15 25 5.27048
75 15 25 4.45773
80 15 25 3.74853
85 15 25 3.1548
90 15 25 2.50053
95 15 25 1.52693
55 15 20 5.90542
60 15 20 7.15922
65 15 20 6.13312
70 15 20 5.26761
75 15 20 4.44834
80 15 20 3.73289
85 15 20 3.13375
90 15 20 2.4757
95 15 20 1.51937
55 15 15 5.92163
60 15 15 7.16274
65 15 15 6.13466
70 15 15 5.27048
75 15 15 4.45773
80 15 15 3.74853
85 15 15 3.1548
90 15 15 2.50053
95 15 15 1.52693
55 15 10 5.97281
60 15 10 7.17369
65 15 10 6.13046
70 15 10 5.28592
75 15 10 4.4953
80 15 10 3.80405
85 15 10 3.23048
90 15 10 2.58989
95 15 10 1.61141
55 15 5 6.08703
60 15 5 7.07745
65 15 5 6.11293
70 15 5 5.32838
75 15 5 4.57645
80 15 5 3.91882
85 15 5 3.37902
90 15 5 2.745
95 15 5 1.76204
55 10 35 2.76659
60 10 35 2.45638
65 10 35 2.59927
70 10 35 2.5955
75 10 35 2.62748
80 10 35 2.63287
85 10 35 2.74846
90 10 35 2.96024
95 10 35 2.57539
55 10 30 2.87423
60 10 30 2.49342
65 10 30 2.53104
70 10 30 2.46112
75 10 30 2.45293
80 10 30 2.43047
85 10 30 2.50286
90 10 30 2.65912
95 10 30 2.19772
55 10 25 2.9067
60 10 25 2.51583
65 10 25 2.52616
70 10 25 2.41881
75 10 25 2.38855
80 10 25 2.35074
85 10 25 2.42286
90 10 25 2.55638
95 10 25 2.14316
55 10 20 2.91816
60 10 20 2.52586
65 10 20 2.52784
70 10 20 2.4112
75 10 20 2.37292
80 10 20 2.33359
85 10 20 2.40095
90 10 20 2.54825
95 10 20 2.16193
55 10 15 2.9067
60 10 15 2.51583
65 10 15 2.52616
70 10 15 2.41881
75 10 15 2.38855
80 10 15 2.35074
85 10 15 2.42286
90 10 15 2.55638
95 10 15 2.14316
55 10 10 2.87423
60 10 10 2.49342
65 10 10 2.53104
70 10 10 2.46112
75 10 10 2.45293
80 10 10 2.43047
85 10 10 2.50286
90 10 10 2.65912
95 10 10 2.19772
55 10 5 2.76659
60 10 5 2.45638
65 10 5 2.59927
70 10 5 2.5955
75 10 5 2.62748
80 10 5 2.63287
85 10 5 2.74846
90 10 5 2.96024
95 10 5 2.57539
55 5 35 7.51129
60 5 35 6.9163
65 5 35 6.10233
70 5 35 5.3145
75 5 35 4.54798
80 5 35 3.76864
85 5 35 2.92648
90 5 35 2.03667
95 5 35 1.83886
55 5 30 7.47446
60 5 30 6.85593
65 5 30 6.03656
70 5 30 5.24809
75 5 30 4.48927
80 5 30 3.7025
85 5 30 2.81166
90 5 30 1.95821
95 5 30 1.29999
55 5 25 7.43783
60 5 25 6.81254
65 5 25 5.9898
70 5 25 5.20666
75 5 25 4.45166
80 5 25 3.65607
85 5 25 2.76291
90 5 25 1.91925
95 5 25 1.43633
55 5 20 7.42711
60 5 20 6.79894
65 5 20 5.97578
70 5 20 5.19391
75 5 20 4.43882
80 5 20 3.64139
85 5 20 2.74815
90 5 20 1.92139
95 5 20 1.39689
55 5 15 7.43783
60 5 15 6.81254
65 5 15 5.9898
70 5 15 5.20666
75 5 15 4.45166
80 5 15 3.65607
85 5 15 2.76291
90 5 15 1.91925
95 5 15 1.43633
55 5 10 7.47446
60 5 10 6.85593
65 5 10 6.03656
70 5 10 5.24809
75 5 10 4.48927
80 5 10 3.7025
85 5 10 2.81166
90 5 10 1.95821
95 5 10 1.29999
55 5 5 7.51129
60 5 5 6.9163
65 5 5 6.10233
70 5 5 5.3145
75 5 5 4.54798
80 5 5 3.76864
85 5 5 2.92648
90 5 5 2.03667
95 5 5 1.83886
5 35 35 5.79327
10 35 35 5.74299
15 35 35 5.28001
20 35 35 4.86656
25 35 35 4.41592
30 35 35 3.90794
35 35 35 3.22006
40 35 35 2.29987
45 35 35 1.22512
5 35 30 5.60782
10 35 30 5.68903
15 35 30 5.31146
20 35 30 4.88112
25 35 30 4.40449
30 35 30 3.87217
35 35 30 3.1653
40 35 30 2.26171
45 35 30 1.28386
5 35 25 5.566
10 35 25 5.62797
15 35 25 5.2841
20 35 25 4.87605
25 35 25 4.39985
30 35 25 3.86512
35 35 25 3.16071
40 35 25 2.28282
45 35 25 1.36331
5 35 20 5.55485
10 35 20 5.61186
15 35 20 5.27052
20 35 20 4.87102
25 35 20 4.39891
30 35 20 3.86546
35 35 20 3.16459
40 35 20 2.2939
45 35 20 1.3851
5 35 15 5.566
10 35 15 5.62797
15 35 15 5.2841
20 35 15 4.87605
25 35 15 4.39985
30 35 15 3.86512
35 35 15 3.16071
40 35 15 2.28282
45 35 15 1.36331
5 35 10 5.60782
10 35 10 5.68903
15 35 10 5.31146
20 35 10 4.88112
25 35 10 4.40449
30 35 10 3.87217
35 35 10 3.1653
40 35 10 2.26171
45 35 10 1.28386
5 35 5 5.79327
10 35 5 5.74299
15 35 5 5.28001
20 35 5 4.86656
25 35 5 4.41592
30 35 5 3.90794
35 35 5 3.22006
40 35 5 2.29987
45 35 5 1.22512
5 30 35 3.70411
10 30 35 3.92509
15 30 35 3.90223
20 30 35 3.92034
25 30 35 4.06131
30 30 35 4.27037
35 30 35 4.39611
40 30 35 3.83357
45 30 35 3.08613
5 30 30 3.61043
10 30 30 3.90461
15 30 30 3.94194
20 30 30 3.92994
25 30 30 4.0268
30 30 30 4.19827
35 30 30 4.29994
40 30 30 3.75369
45 30 30 3.22053
5 30 25 3.58888
10 30 25 3.87524
15 30 25 3.9354
20 30 25 3.93427
25 30 25 4.02346
30 30 25 4.18579
35 30 25 4.28712
40 30 25 3.75785
45 30 25 3.28027
5 30 20 3.58295
10 30 20 3.86683
15 30 20 3.93009
20 30 20 3.93391
25 30 20 4.02452
30 30 20 4.18637
35 30 20 4.28899
40 30 20 3.76501
45 30 20 3.29968
5 30 15 3.58888
10 30 15 3.87524
15 30 15 3.9354
20 30 15 3.93427
25 30 15 4.02346
30 30 15 4.18579
35 30 15 4.28712
40 30 15 3.75785
45 30 15 3.28027
5 30 10 3.61043
10 30 10 3.90461
15 30 10 3.94194
20 30 10 3.92994
25 30 10 4.0268
30 30 10 4.19827
35 30 10 4.29994
40 30 10 3.75369
45 30 10 3.22053
5 30 5 3.70411
10 30 5 3.92509
15 30 5 3.90223
20 30 5 3.92034
25 30 5 4.06131
30 30 5 4.27037
35 30 5 4.39611
40 30 5 3.83357
45 30 5 3.08613
5 25 35 2.031
10 25 35 2.33381
15 25 35 2.58086
20 25 35 2.91235
25 25 35 3.39153
30 25 35 4.02792
35 25 35 4.71863
40 25 35 5.42806
45 25 35 4.1124
5 25 30 2.03984
10 25 30 2.37713
15 25 30 2.62037
20 25 30 2.90753
25 25 30 3.33851
30 25 30 3.93607
35 25 30 4.61334
40 25 30 5.37617
45 25 30 4.089
5 25 25 2.05795
10 25 25 2.38873
15 25 25 2.63672
20 25 25 2.9167
25 25 25 3.33237
30 25 25 3.92021
35 25 25 4.59888
40 25 25 5.36564
45 25 25 4.10754
5 25 20 2.06291
10 25 20 2.39327
15 25 20 2.64079
20 25 20 2.92053
25 25 20 3.33401
30 25 20 3.92026
35 25 20 4.59796
40 25 20 5.36851
45 25 20 4.11203
5 25 15 2.05795
10 25 15 2.38873
15 25 15 2.63672
20 25 15 2.9167
25 25 15 3.33237
30 25 15 3.92021
35 25 15 4.59888
40 25 15 5.36564
45 25 15 4.10754
5 25 10 2.03984
10 25 10 2.37713
15 25 10 2.62037
20 25 10 2.90753
25 25 10 3.33851
30 25 10 3.93607
35 25 10 4.61334
40 25 10 5.37617
45 25 10 4.089
5 25 5 2.031
10 25 5 2.33381
15 25 5 2.58086
20 25 5 2.91235
25 25 5 3.39153
30 25 5 4.02792
35 25 5 4.71863
40 25 5 5.42806
45 25 5 4.1124
5 20 35 0.959301
10 20 35 1.21495
15 20 35 1.41779
20 20 35 1.67516
25 20 35 2.12682
30 20 35 2.84236
35 20 35 3.83907
40 20 35 5.2377
45 20 35 8.06346
5 20 30 1.09268
10 20 30 1.34876
15 20 30 1.4974
20 20 30 1.68968
25 20 30 2.08241
30 20 30 2.75344
35 20 30 3.74409
40 20 30 5.15226
45 20 30 7.95231
5 20 25 1.15696
10 20 25 1.4051
15 20 25 1.54433
20 20 25 1.70945
25 20 25 2.07419
30 20 25 2.73147
35 20 25 3.71942
40 20 25 5.12068
45 20 25 7.90732
5 20 20 1.17482
10 20 20 1.42303
15 20 20 1.55835
20 20 20 1.71739
25 20 20 2.07459
30 20 20 2.72757
35 20 20 3.71419
40 20 20 5.11185
45 20 20 7.88992
5 20 15 1.15696
10 20 15 1.4051
15 20 15 1.54433
20 20 15 1.70945
25 20 15 2.07419
30 20 15 2.73147
35 20 15 3.71942
40 20 15 5.12068
45 20 15 7.90732
5 20 10 1.09268
10 20 10 1.34876
15 20 10 1.4974
20 20 10 1.68968
25 20 10 2.08241
30 20 10 2.75344
35 20 10 3.74409
40 20 10 5.15226
45 20 10 7.95231
5 20 5 0.959301
10 20 5 1.21495
15 20 5 1.41779
20 20 5 1.67516
25 20 5 2.12682
30 20 5 2.84236
35 20 5 3.83907
40 20 5 5.2377
45 20 5 8.06346
5 15 35 1.92749
10 15 35 1.97172
15 15 35 1.77024
20 15 35 1.41659
25 15 35 1.01938
30 15 35 1.03065
35 15 35 1.77163
40 15 35 2.90339
45 15 35 3.51098
5 15 30 1.92258
10 15 30 2.02391
15 15 30 1.85315
20 15 30 1.4904
25 15 30 1.05434
30 15 30 0.95838
35 15 30 1.6511
40 15 30 2.78519
45 15 30 3.37037
5 15 25 1.93948
10 15 25 2.04085
15 15 25 1.88702
20 15 25 1.52686
25 15 25 1.06602
30 15 25 0.915019
35 15 25 1.59642
40 15 25 2.72468
45 15 25 3.26866
5 15 20 1.94481
10 15 20 2.04752
15 15 20 1.89529
20 15 20 1.53633
25 15 20 1.06768
30 15 20 0.899742
35 15 20 1.5808
40 15 20 2.70719
45 15 20 3.23748
5 15 15 1.93948
10 15 15 2.04085
15 15 15 1.88702
20 15 15 1.52686
25 15 15 1.06602
30 15 15 0.915019
35 15 15 1.59642
40 15 15 2.72468
45 15 15 3.26866
5 15 10 1.92258
10 15 10 2.02391
15 15 10 1.85315
20 15 10 1.4904
25 15 10 1.05434
30 15 10 0.95838
35 15 10 1.6511
40 15 10 2.78519
45 15 10 3.37037
5 15 5 1.92749
10 15 5 1.97172
15 15 5 1.77024
20 15 5 1.41659
25 15 5 1.01938
30 15 5 1.03065
35 15 5 1.77163
40 15 5 2.90339
45 15 5 3.51098
5 10 35 3.67155
10 10 35 3.76641
15 10 35 3.52066
20 10 35 3.18316
25 10 35 2.81549
30 10 35 2.49366
35 10 35 2.38602
40 10 35 2.53952
45 10 35 2.77317
5 10 30 3.55855
10 10 30 3.73935
15 10 30 3.58332
20 10 30 3.25081
25 10 30 2.8741
30 10 30 2.52302
35 10 30 2.36552
40 10 30 2.51774
45 10 30 2.81479
5 10 25 3.53379
10 10 25 3.71169
15 10 25 3.58825
20 10 25 3.27894
25 10 25 2.90016
30 10 25 2.53346
35 10 25 2.3612
40 10 25 2.51603
45 10 25 2.83563
5 10 20 3.52806
10 10 20 3.70498
15 10 20 3.58671
20 10 20 3.28452
25 10 20 2.9072
30 10 20 2.53654
35 10 20 2.36139
40 10 20 2.51829
45 10 20 2.84215
5 10 15 3.53379
10 10 15 3.71169
15 10 15 3.58825
20 10 15 3.27894
25 10 15 2.90016
30 10 15 2.53346
35 10 15 2.3612
40 10 15 2.51603
45 10 15 2.83563
5 10 10 3.55855
10 10 10 3.73935
15 10 10 3.58332
20 10 10 3.25081
25 10 10 2.8741
30 10 10 2.52302
35 10 10 2.36552
40 10 10 2.51774
45 10 10 2.81479
5 10 5 3.67155
10 10 5 3.76641
15 10 5 3.52066
20 10 5 3.18316
25 10 5 2.81549
30 10 5 2.49366
35 10 5 2.38602
40 10 5 2.53952
45 10 5 2.77317
5 5 35 5.7789
10 5 35 5.78483
15 5 35 5.45569
20 5 35 5.28054
25 5 35 5.23968
30 5 35 5.39233
35 5 35 5.82042
40 5 35 6.53923
45 5 35 7.28013
5 5 30 5.57932
10 5 30 5.72781
15 5 30 5.50516
20 5 30 5.33798
25 5 30 5.29333
30 5 30 5.43207
35 5 30 5.84159
40 5 30 6.54123
45 5 30 7.26591
5 5 25 5.53754
10 5 25 5.67519
15 5 25 5.49836
20 5 25 5.36677
25 5 25 5.33016
30 5 25 5.46466
35 5 25 5.86388
40 5 25 6.55173
45 5 25 7.26214
5 5 20 5.52777
10 5 20 5.66333
15 5 20 5.49256
20 5 20 5.37321
25 5 20 5.34229
30 5 20 5.47602
35 5 20 5.87236
40 5 20 6.55656
45 5 20 7.26212
5 5 15 5.53754
10 5 15 5.67519
15 5 15 5.49836
20 5 15 5.36677
25 5 15 5.33016
30 5 15 5.46466
35 5 15 5.86388
40 5 15 6.55173
45 5 15 7.26214
5 5 10 5.57932
10 5 10 5.72781
15 5 10 5.50516
20 5 10 5.33798
25 5 10 5.29333
30 5 10 5.43207
35 5 10 5.84159
40 5 10 6.54123
45 5 10 7.26591
5 5 5 5.7789
10 5 5 5.78483
15 5 5 5.45569
20 5 5 5.28054
25 5 5 5.23968
30 5 5 5.39233
35 5 5 5.82042
40 5 5 6.53923
45 5 5 7.28013
