50 20 40 23.7138
100 20 40 0.539726
100 20 0 0.539726
50 20 0 23.7138
100 0 40 6.30947
100 0 0 6.30947
50 0 0 -19.2072
50 0 40 -19.2072
0 40 40 14.6289
50 40 40 0.015547
50 40 0 0.015547
0 40 0 14.6289
0 0 0 -14.2942
0 0 40 -14.2942
55 20 40 23.7809
60 20 40 17.9984
65 20 40 15.6998
70 20 40 13.7594
75 20 40 11.5978
80 20 40 9.19827
85 20 40 6.39958
90 20 40 3.53135
95 20 40 1.39146
100 20 35 0.401879
100 20 30 0.466071
100 20 25 0.411393
100 20 20 0.418808
100 20 15 0.411393
100 20 10 0.466071
100 20 5 0.401879
95 20 0 1.39146
90 20 0 3.53135
85 20 0 6.39958
80 20 0 9.19827
75 20 0 11.5978
70 20 0 13.7594
65 20 0 15.6998
60 20 0 17.9984
55 20 0 23.7809
50 20 5 24.4802
50 20 10 24.6744
50 20 15 24.871
50 20 20 24.9332
50 20 25 24.871
50 20 30 24.6744
50 20 35 24.4802
95 0 40 -11.8314
90 0 40 -7.22245
85 0 40 -7.53824
80 0 40 -9.27818
75 0 40 -11.5685
70 0 40 -14.0329
65 0 40 -16.4737
60 0 40 -18.518
55 0 40 -19.5604
100 0 5 -1.8746
100 0 10 1.24038
100 0 15 1.24055
100 0 20 1.43639
100 0 25 1.24055
100 0 30 1.24038
100 0 35 -1.8746
55 0 0 -19.5604
60 0 0 -18.518
65 0 0 -16.4737
70 0 0 -14.0329
75 0 0 -11.5685
80 0 0 -9.27818
85 0 0 -7.53824
90 0 0 -7.22245
95 0 0 -11.8314
50 0 35 -19.3892
50 0 30 -19.2645
50 0 25 -19.2861
50 0 20 -19.3171
50 0 15 -19.2861
50 0 10 -19.2645
50 0 5 -19.3892
50 5 0 -9.30552
50 10 0 -1.30533
50 15 0 7.17211
50 15 40 7.17211
50 10 40 -1.30533
50 5 40 -9.30552
100 5 0 11.8368
100 10 0 1.95348
100 15 0 1.23235
100 15 40 1.23235
100 10 40 1.95348
100 5 40 11.8368
5 40 40 11.6057
10 40 40 9.93587
15 40 40 9.16251
20 40 40 8.28387
25 40 40 6.98697
30 40 40 5.17059
35 40 40 3.09861
40 40 40 1.26814
45 40 40 0.384122
50 40 35 -0.122294
50 40 30 -0.139157
50 40 25 -0.174284
50 40 20 -0.218124
50 40 15 -0.174284
50 40 10 -0.139157
50 40 5 -0.122294
45 40 0 0.384122
40 40 0 1.26814
35 40 0 3.09861
30 40 0 5.17059
25 40 0 6.98697
20 40 0 8.28387
15 40 0 9.16251
10 40 0 9.93587
5 40 0 11.6057
0 40 5 13.5685
0 40 10 13.7
0 40 15 13.7644
0 40 20 13.7953
0 40 25 13.7644
0 40 30 13.7
0 40 35 13.5685
45 0 40 -17.5601
40 0 40 -15.1087
35 0 40 -12.726
30 0 40 -10.9469
25 0 40 -9.9624
20 0 40 -9.61899
15 0 40 -9.63077
10 0 40 -9.9751
5 0 40 -11.398
5 0 0 -11.398
10 0 0 -9.9751
15 0 0 -9.63077
20 0 0 -9.61899
25 0 0 -9.9624
30 0 0 -10.9469
35 0 0 -12.726
40 0 0 -15.1087
45 0 0 -17.5601
0 0 35 -13.1451
0 0 30 -13.2596
0 0 25 -13.3287
0 0 20 -13.3637
0 0 15 -13.3287
0 0 10 -13.2596
0 0 5 -13.1451
0 35 0 9.589
0 30 0 6.13462
0 25 0 2.96906
0 20 0 -0.0713984
0 15 0 -3.13216
0 10 0 -6.31267
0 5 0 -9.66987
0 5 40 -9.66987
0 10 40 -6.31267
0 15 40 -3.13216
0 20 40 -0.0713984
0 25 40 2.96906
0 30 40 6.13462
0 35 40 9.589
50 25 0 1.25052
50 30 0 1.13041
50 35 0 0.219294
50 35 40 0.219294
50 30 40 1.13041
50 25 40 1.25052
55 20 35 24.7189
60 20 35 18.4413
65 20 35 15.8451
70 20 35 13.8335
75 20 35 11.6314
80 20 35 9.18958
85 20 35 6.34857
90 20 35 3.39915
95 20 35 1.26823
55 20 30 24.7523
60 20 30 18.3138
65 20 30 15.8181
70 20 30 13.7252
75 20 30 11.5165
80 20 30 9.08019
85 20 30 6.27923
90 20 30 3.38552
95 20 30 1.29513
55 20 25 24.842
60 20 25 18.3255
65 20 25 15.7971
70 20 25 13.7199
75 20 25 11.4881
80 20 25 9.05046
85 20 25 6.27502
90 20 25 3.40669
95 20 25 1.29991
55 20 20 24.8776
60 20 20 18.3387
65 20 20 15.8034
70 20 20 13.7184
75 20 20 11.487
80 20 20 9.04574
85 20 20 6.275
90 20 20 3.42178
95 20 20 1.32468
55 20 15 24.842
60 20 15 18.3255
65 20 15 15.7971
70 20 15 13.7199
75 20 15 11.4881
80 20 15 9.05046
85 20 15 6.27502
90 20 15 3.40669
95 20 15 1.29991
55 20 10 24.7523
60 20 10 18.3138
65 20 10 15.8181
70 20 10 13.7252
75 20 10 11.5165
80 20 10 9.08019
85 20 10 6.27923
90 20 10 3.38552
95 20 10 1.29513
55 20 5 24.7189
60 20 5 18.4413
65 20 5 15.8451
70 20 5 13.8335
75 20 5 11.6314
80 20 5 9.18958
85 20 5 6.34857
90 20 5 3.39915
95 20 5 1.26823
55 0 35 -19.7414
60 0 35 -18.6753
65 0 35 -16.5943
70 0 35 -14.1535
75 0 35 -11.692
80 0 35 -9.42132
85 0 35 -7.89275
90 0 35 -6.95759
95 0 35 -8.16177
55 0 30 -19.5787
60 0 30 -18.4976
65 0 30 -16.4545
70 0 30 -14.0468
75 0 30 -11.6043
80 0 30 -9.39949
85 0 30 -7.5397
90 0 30 -6.78134
95 0 30 -7.18505
55 0 25 -19.5768
60 0 25 -18.4836
65 0 25 -16.4256
70 0 25 -14.015
75 0 25 -11.5851
80 0 25 -9.32654
85 0 25 -7.53552
90 0 25 -6.55757
95 0 25 -7.07538
55 0 20 -19.5979
60 0 20 -18.4893
65 0 20 -16.4233
70 0 20 -14.012
75 0 20 -11.5726
80 0 20 -9.33005
85 0 20 -7.49323
90 0 20 -6.57565
95 0 20 -6.95518
55 0 15 -19.5768
60 0 15 -18.4836
65 0 15 -16.4256
70 0 15 -14.015
75 0 15 -11.5851
80 0 15 -9.32654
85 0 15 -7.53552
90 0 15 -6.55757
95 0 15 -7.07538
55 0 10 -19.5787
60 0 10 -18.4976
65 0 10 -16.4545
70 0 10 -14.0468
75 0 10 -11.6043
80 0 10 -9.39949
85 0 10 -7.5397
90 0 10 -6.78134
95 0 10 -7.18505
55 0 5 -19.7414
60 0 5 -18.6753
65 0 5 -16.5943
70 0 5 -14.1535
75 0 5 -11.692
80 0 5 -9.42132
85 0 5 -7.89275
90 0 5 -6.95759
95 0 5 -8.16177
50 15 35 8.26904
50 15 30 8.53315
50 15 25 8.64333
50 15 20 8.66917
50 15 15 8.64333
50 15 10 8.53315
50 15 5 8.26904
50 10 35 -1.02671
50 10 30 -0.945728
50 10 25 -0.904677
50 10 20 -0.894117
50 10 15 -0.904677
50 10 10 -0.945728
50 10 5 -1.02671
50 5 35 -9.55277
50 5 30 -9.55386
50 5 25 -9.57179
50 5 20 -9.5714
50 5 15 -9.57179
50 5 10 -9.55386
50 5 5 -9.55277
100 15 35 1.09823
100 15 30 0.932525
100 15 25 0.856283
100 15 20 0.876275
100 15 15 0.856283
100 15 10 0.932525
100 15 5 1.09823
100 10 35 2.09207
100 10 30 1.63669
100 10 25 1.74925
100 10 20 1.64831
100 10 15 1.74925
100 10 10 1.63669
100 10 5 2.09207
100 5 35 5.24217
100 5 30 5.21097
100 5 25 4.83334
100 5 20 4.94588
100 5 15 4.83334
100 5 10 5.21097
100 5 5 5.24217
55 15 40 6.95946
60 15 40 8.89945
65 15 40 7.65102
70 15 40 6.56918
75 15 40 5.50236
80 15 40 4.49283
85 15 40 3.4008
90 15 40 2.32306
95 15 40 1.66775
55 10 40 -0.837623
60 10 40 -0.691438
65 10 40 0.0692976
70 10 40 0.088141
75 10 40 0.105378
80 10 40 0.203899
85 10 40 0.72646
90 10 40 0.719354
95 10 40 1.06819
55 5 40 -9.13532
60 5 40 -8.55792
65 5 40 -7.69292
70 5 40 -6.536
75 5 40 -5.43954
80 5 40 -4.29399
85 5 40 -3.28572
90 5 40 -0.754264
95 5 40 0.422165
55 15 0 6.95946
60 15 0 8.89945
65 15 0 7.65102
70 15 0 6.56918
75 15 0 5.50236
80 15 0 4.49283
85 15 0 3.4008
90 15 0 2.32306
95 15 0 1.66775
55 10 0 -0.837623
60 10 0 -0.691438
65 10 0 0.0692976
70 10 0 0.088141
75 10 0 0.105378
80 10 0 0.203899
85 10 0 0.72646
90 10 0 0.719354
95 10 0 1.06819
55 5 0 -9.13532
60 5 0 -8.55792
65 5 0 -7.69292
70 5 0 -6.536
75 5 0 -5.43954
80 5 0 -4.29399
85 5 0 -3.28572
90 5 0 -0.754264
95 5 0 0.422165
5 40 35 11.5793
10 40 35 10.4574
15 40 35 9.48243
20 40 35 8.46063
25 40 35 7.0777
30 40 35 5.19593
35 40 35 3.06239
40 40 35 1.1505
45 40 35 0.232855
5 40 30 11.6897
10 40 30 10.3307
15 40 30 9.5104
20 40 30 8.45937
25 40 30 7.04894
30 40 30 5.14872
35 40 30 3.02052
40 40 30 1.16426
45 40 30 0.226102
5 40 25 11.7719
10 40 25 10.3582
15 40 25 9.47824
20 40 25 8.45179
25 40 25 7.03232
30 40 25 5.1206
35 40 25 2.98394
40 40 25 1.12069
45 40 25 0.191657
5 40 20 11.7943
10 40 20 10.3644
15 40 20 9.47776
20 40 20 8.44211
25 40 20 7.02632
30 40 20 5.11053
35 40 20 2.97007
40 40 20 1.10119
45 40 20 0.160308
5 40 15 11.7719
10 40 15 10.3582
15 40 15 9.47824
20 40 15 8.45179
25 40 15 7.03232
30 40 15 5.1206
35 40 15 2.98394
40 40 15 1.12069
45 40 15 0.191657
5 40 10 11.6897
10 40 10 10.3307
15 40 10 9.5104
20 40 10 8.45937
25 40 10 7.04894
30 40 10 5.14872
35 40 10 3.02052
40 40 10 1.16426
45 40 10 0.226102
5 40 5 11.5793
10 40 5 10.4574
15 40 5 9.48243
20 40 5 8.46063
25 40 5 7.0777
30 40 5 5.19593
35 40 5 3.06239
40 40 5 1.1505
45 40 5 0.232855
5 0 35 -11.2866
10 0 35 -10.4245
15 0 35 -9.88362
20 0 35 -9.74176
25 0 35 -10.0288
30 0 35 -10.9906
35 0 35 -12.7747
40 0 35 -15.1953
45 0 35 -17.7025
5 0 30 -11.3874
10 0 30 -10.301
15 0 30 -9.93826
20 0 30 -9.79551
25 0 30 -10.08
30 0 30 -11.0355
35 0 30 -12.8047
40 0 30 -15.1822
45 0 30 -17.6219
5 0 25 -11.4723
10 0 25 -10.3406
15 0 25 -9.93234
20 0 25 -9.83177
25 0 25 -10.1264
30 0 25 -11.088
35 0 25 -12.8616
40 0 25 -15.2428
45 0 25 -17.6737
5 0 20 -11.4975
10 0 20 -10.3526
15 0 20 -9.94242
20 0 20 -9.83869
25 0 20 -10.1436
30 0 20 -11.1087
35 0 20 -12.8858
40 0 20 -15.2699
45 0 20 -17.7036
5 0 15 -11.4723
10 0 15 -10.3406
15 0 15 -9.93234
20 0 15 -9.83177
25 0 15 -10.1264
30 0 15 -11.088
35 0 15 -12.8616
40 0 15 -15.2428
45 0 15 -17.6737
5 0 10 -11.3874
10 0 10 -10.301
15 0 10 -9.93826
20 0 10 -9.79551
25 0 10 -10.08
30 0 10 -11.0355
35 0 10 -12.8047
40 0 10 -15.1822
45 0 10 -17.6219
5 0 5 -11.2866
10 0 5 -10.4245
15 0 5 -9.88362
20 0 5 -9.74176
25 0 5 -10.0288
30 0 5 -10.9906
35 0 5 -12.7747
40 0 5 -15.1953
45 0 5 -17.7025
0 35 35 8.56118
0 35 30 8.53537
0 35 25 8.52041
0 35 20 8.52491
0 35 15 8.52041
0 35 10 8.53537
0 35 5 8.56118
0 30 35 5.43452
0 30 30 5.41421
0 30 25 5.39774
0 30 20 5.39783
0 30 15 5.39774
0 30 10 5.41421
0 30 5 5.43452
0 25 35 2.62963
0 25 30 2.61895
0 25 25 2.61098
0 25 20 2.61077
0 25 15 2.61098
0 25 10 2.61895
0 25 5 2.62963
0 20 35 -0.0338877
0 20 30 -0.0261344
0 20 25 -0.0235486
0 20 20 -0.023158
0 20 15 -0.0235486
0 20 10 -0.0261344
0 20 5 -0.0338877
0 15 35 -2.71536
0 15 30 -2.68605
0 15 25 -2.67175
0 15 20 -2.67054
0 15 15 -2.67175
0 15 10 -2.68605
0 15 5 -2.71536
0 10 35 -5.52964
0 10 30 -5.48311
0 10 25 -5.45854
0 10 20 -5.45746
0 10 15 -5.45854
0 10 10 -5.48311
0 10 5 -5.52964
0 5 35 -8.55225
0 5 30 -8.49605
0 5 25 -8.47472
0 5 20 -8.47904
0 5 15 -8.47472
0 5 10 -8.49605
0 5 5 -8.55225
50 35 35 0.0555768
50 35 30 0.140991
50 35 25 0.100064
50 35 20 0.0925366
50 35 15 0.100064
50 35 10 0.140991
50 35 5 0.0555768
50 30 35 0.933824
50 30 30 0.950184
50 30 25 0.94423
50 30 20 0.949358
50 30 15 0.94423
50 30 10 0.950184
50 30 5 0.933824
50 25 35 1.94492
50 25 30 2.06102
50 25 25 2.16463
50 25 20 2.19818
50 25 15 2.16463
50 25 10 2.06102
50 25 5 1.94492
5 35 40 7.91814
10 35 40 7.193
15 35 40 6.57573
20 35 40 5.98791
25 35 40 5.24748
30 35 40 4.3245
35 35 40 3.15867
40 35 40 2.18471
45 35 40 1.2344
5 30 40 5.16736
10 30 40 4.63288
15 30 40 4.4943
20 30 40 4.29478
25 30 40 4.09725
30 30 40 3.86042
35 30 40 3.41719
40 30 40 2.13708
45 30 40 2.02278
5 25 40 2.54162
10 25 40 2.35247
15 25 40 2.4004
20 25 40 2.5545
25 25 40 2.81655
30 25 40 3.2352
35 25 40 3.81862
40 25 40 4.27347
45 25 40 1.75303
5 20 40 -0.0411059
10 20 40 0.0639988
15 20 40 0.243884
20 20 40 0.564952
25 20 40 1.10191
30 20 40 1.97309
35 20 40 3.30499
40 20 40 5.67845
45 20 40 10.3021
5 15 40 -2.65486
10 15 40 -2.31291
15 15 40 -2.09925
20 15 40 -1.77543
25 15 40 -1.22157
30 15 40 -0.358306
35 15 40 1.0067
40 15 40 2.96136
45 15 40 5.03183
5 10 40 -5.33014
10 10 40 -4.78854
15 10 40 -4.6428
20 10 40 -4.40596
25 10 40 -4.09519
30 10 40 -3.66123
35 10 40 -3.12108
40 10 40 -2.7486
45 10 40 -2.28507
5 5 40 -8.04214
10 5 40 -7.45507
15 5 40 -7.1431
20 5 40 -7.07649
25 5 40 -7.15269
30 5 40 -7.42203
35 5 40 -7.94147
40 5 40 -8.58556
45 5 40 -9.04195
5 35 0 7.91814
10 35 0 7.193
15 35 0 6.57573
20 35 0 5.98791
25 35 0 5.24748
30 35 0 4.3245
35 35 0 3.15867
40 35 0 2.18471
45 35 0 1.2344
5 30 0 5.16736
10 30 0 4.63288
15 30 0 4.4943
20 30 0 4.29478
25 30 0 4.09725
30 30 0 3.86042
35 30 0 3.41719
40 30 0 2.13708
45 30 0 2.02278
5 25 0 2.54162
10 25 0 2.35247
15 25 0 2.4004
20 25 0 2.5545
25 25 0 2.81655
30 25 0 3.2352
35 25 0 3.81862
40 25 0 4.27347
45 25 0 1.75303
5 20 0 -0.0411059
10 20 0 0.0639988
15 20 0 0.243884
20 20 0 0.564952
25 20 0 1.10191
30 20 0 1.97309
35 20 0 3.30499
40 20 0 5.67845
45 20 0 10.3021
5 15 0 -2.65486
10 15 0 -2.31291
15 15 0 -2.09925
20 15 0 -1.77543
25 15 0 -1.22157
30 15 0 -0.358306
35 15 0 1.0067
40 15 0 2.96136
45 15 0 5.03183
5 10 0 -5.33014
10 10 0 -4.78854
15 10 0 -4.6428
20 10 0 -4.40596
25 10 0 -4.09519
30 10 0 -3.66123
35 10 0 -3.12108
40 10 0 -2.7486
45 10 0 -2.28507
5 5 0 -8.04214
10 5 0 -7.45507
15 5 0 -7.1431
20 5 0 -7.07649
25 5 0 -7.15269
30 5 0 -7.42203
35 5 0 -7.94147
40 5 0 -8.58556
45 5 0 -9.04195
55 15 35 8.07323
60 15 35 9.4159
65 15 35 7.89715
70 15 35 6.74409
75 15 35 5.61733
80 15 35 4.52818
85 15 35 3.38562
90 15 35 2.22472
95 15 35 1.45787
55 15 30 8.34908
60 15 30 9.60351
65 15 30 8.04349
70 15 30 6.7943
75 15 30 5.63062
80 15 30 4.50391
85 15 30 3.33978
90 15 30 2.17602
95 15 30 1.33389
55 15 25 8.45989
60 15 25 9.68878
65 15 25 8.08895
70 15 25 6.826
75 15 25 5.63456
80 15 25 4.49127
85 15 25 3.31419
90 15 25 2.1532
95 15 25 1.31019
55 15 20 8.47743
60 15 20 9.70784
65 15 20 8.1001
70 15 20 6.82921
75 15 20 5.63412
80 15 20 4.48555
85 15 20 3.30685
90 15 20 2.14297
95 15 20 1.31713
55 15 15 8.45989
60 15 15 9.68878
65 15 15 8.08895
70 15 15 6.826
75 15 15 5.63456
80 15 15 4.49127
85 15 15 3.31419
90 15 15 2.1532
95 15 15 1.31019
55 15 10 8.34908
60 15 10 9.60351
65 15 10 8.04349
70 15 10 6.7943
75 15 10 5.63062
80 15 10 4.50391
85 15 10 3.33978
90 15 10 2.17602
95 15 10 1.33389
55 15 5 8.07323
60 15 5 9.4159
65 15 5 7.89715
70 15 5 6.74409
75 15 5 5.61733
80 15 5 4.52818
85 15 5 3.38562
90 15 5 2.22472
95 15 5 1.45787
55 10 35 -0.586295
60 10 35 -0.44571
65 10 35 0.107357
70 10 35 0.0544883
75 10 35 0.0520059
80 10 35 0.118875
85 10 35 0.516818
90 10 35 0.693436
95 10 35 0.898224
55 10 30 -0.498344
60 10 30 -0.336221
65 10 30 0.165296
70 10 30 0.0720917
75 10 30 0.0230115
80 10 30 0.0777525
85 10 30 0.40537
90 10 30 0.579628
95 10 30 0.787235
55 10 25 -0.451473
60 10 25 -0.29335
65 10 25 0.199703
70 10 25 0.0843716
75 10 25 0.0213229
80 10 25 0.0549876
85 10 25 0.370511
90 10 25 0.511606
95 10 25 0.784852
55 10 20 -0.436357
60 10 20 -0.280373
65 10 20 0.208874
70 10 20 0.0898569
75 10 20 0.021364
80 10 20 0.0512768
85 10 20 0.358231
90 10 20 0.514596
95 10 20 0.751468
55 10 15 -0.451473
60 10 15 -0.29335
65 10 15 0.199703
70 10 15 0.0843716
75 10 15 0.0213229
80 10 15 0.0549876
85 10 15 0.370511
90 10 15 0.511606
95 10 15 0.784852
55 10 10 -0.498344
60 10 10 -0.336221
65 10 10 0.165296
70 10 10 0.0720917
75 10 10 0.0230115
80 10 10 0.0777525
85 10 10 0.40537
90 10 10 0.579628
95 10 10 0.787235
55 10 5 -0.586295
60 10 5 -0.44571
65 10 5 0.107357
70 10 5 0.0544883
75 10 5 0.0520059
80 10 5 0.118875
85 10 5 0.516818
90 10 5 0.693436
95 10 5 0.898224
55 5 35 -9.39734
60 5 35 -8.80062
65 5 35 -7.9048
70 5 35 -6.75379
75 5 35 -5.64553
80 5 35 -4.5318
85 5 35 -3.46823
90 5 35 -1.31398
95 5 35 -0.0136603
55 5 30 -9.39492
60 5 30 -8.82413
65 5 30 -7.93168
70 5 30 -6.7945
75 5 30 -5.69562
80 5 30 -4.60099
85 5 30 -3.46007
90 5 30 -1.59442
95 5 30 -0.134807
55 5 25 -9.40345
60 5 25 -8.82
65 5 25 -7.92987
70 5 25 -6.79842
75 5 25 -5.70858
80 5 25 -4.59331
85 5 25 -3.49306
90 5 25 -1.53967
95 5 25 -0.189059
55 5 20 -9.39946
60 5 20 -8.81425
65 5 20 -7.92333
70 5 20 -6.79484
75 5 20 -5.70234
80 5 20 -4.59708
85 5 20 -3.47575
90 5 20 -1.54475
95 5 20 -0.178317
55 5 15 -9.40345
60 5 15 -8.82
65 5 15 -7.92987
70 5 15 -6.79842
75 5 15 -5.70858
80 5 15 -4.59331
85 5 15 -3.49306
90 5 15 -1.53967
95 5 15 -0.189059
55 5 10 -9.39492
60 5 10 -8.82413
65 5 10 -7.93168
70 5 10 -6.7945
75 5 10 -5.69562
80 5 10 -4.60099
85 5 10 -3.46007
90 5 10 -1.59442
95 5 10 -0.134807
55 5 5 -9.39734
60 5 5 -8.80062
65 5 5 -7.9048
70 5 5 -6.75379
75 5 5 -5.64553
80 5 5 -4.5318
85 5 5 -3.46823
90 5 5 -1.31398
95 5 5 -0.0136603
5 35 35 7.92741
10 35 35 7.73502
15 35 35 6.91855
20 35 35 6.19611
25 35 35 5.35743
30 35 35 4.36204
35 35 35 3.14943
40 35 35 2.06229
45 35 35 1.02976
5 35 30 8.01402
10 35 30 7.73071
15 35 30 7.04081
20 35 30 6.27323
25 35 30 5.39685
30 35 30 4.3662
35 35 30 3.12697
40 35 30 2.03375
45 35 30 1.04298
5 35 25 8.05267
10 35 25 7.77096
15 35 25 7.04805
20 35 25 6.2965
25 35 25 5.40722
30 35 25 4.36435
35 35 25 3.11775
40 35 25 2.0207
45 35 25 1.01672
5 35 20 8.06032
10 35 20 7.77668
15 35 20 7.05368
20 35 20 6.29583
25 35 20 5.40868
30 35 20 4.36304
35 35 20 3.11475
40 35 20 2.01432
45 35 20 1.01193
5 35 15 8.05267
10 35 15 7.77096
15 35 15 7.04805
20 35 15 6.2965
25 35 15 5.40722
30 35 15 4.36435
35 35 15 3.11775
40 35 15 2.0207
45 35 15 1.01672
5 35 10 8.01402
10 35 10 7.73071
15 35 10 7.04081
20 35 10 6.27323
25 35 10 5.39685
30 35 10 4.3662
35 35 10 3.12697
40 35 10 2.03375
45 35 10 1.04298
5 35 5 7.92741
10 35 5 7.73502
15 35 5 6.91855
20 35 5 6.19611
25 35 5 5.35743
30 35 5 4.36204
35 35 5 3.14943
40 35 5 2.06229
45 35 5 1.02976
5 30 35 5.12847
10 30 35 4.99525
15 30 35 4.70812
20 30 35 4.39228
25 30 35 4.11218
30 30 35 3.81583
35 30 35 3.41083
40 30 35 2.25337
45 30 35 1.9037
5 30 30 5.15845
10 30 30 4.99098
15 30 30 4.78334
20 30 30 4.44252
25 30 30 4.12858
30 30 30 3.82176
35 30 30 3.40009
40 30 30 2.27549
45 30 30 1.89112
5 30 25 5.1808
10 30 25 5.0138
15 30 25 4.79319
20 30 25 4.46299
25 30 25 4.14315
30 30 25 3.82721
35 30 25 3.40985
40 30 25 2.28337
45 30 25 1.89456
5 30 20 5.18537
10 30 20 5.01993
15 30 20 4.79942
20 30 20 4.46614
25 30 20 4.14764
30 30 20 3.83113
35 30 20 3.41279
40 30 20 2.28508
45 30 20 1.89828
5 30 15 5.1808
10 30 15 5.0138
15 30 15 4.79319
20 30 15 4.46299
25 30 15 4.14315
30 30 15 3.82721
35 30 15 3.40985
40 30 15 2.28337
45 30 15 1.89456
5 30 10 5.15845
10 30 10 4.99098
15 30 10 4.78334
20 30 10 4.44252
25 30 10 4.12858
30 30 10 3.82176
35 30 10 3.40009
40 30 10 2.27549
45 30 10 1.89112
5 30 5 5.12847
10 30 5 4.99525
15 30 5 4.70812
20 30 5 4.39228
25 30 5 4.11218
30 30 5 3.81583
35 30 5 3.41083
40 30 5 2.25337
45 30 5 1.9037
5 25 35 2.51405
10 25 35 2.51936
15 25 35 2.48795
20 25 35 2.56
25 25 35 2.75592
30 25 35 3.13053
35 25 35 3.70784
40 25 35 4.33878
45 25 35 2.27453
5 25 30 2.53425
10 25 30 2.51922
15 25 30 2.52097
20 25 30 2.57388
25 25 30 2.74914
30 25 30 3.11815
35 25 30 3.73589
40 25 30 4.39411
45 25 30 2.38956
5 25 25 2.54164
10 25 25 2.52712
15 25 25 2.52104
20 25 25 2.57885
25 25 25 2.75286
30 25 25 3.12882
35 25 25 3.75304
40 25 25 4.43917
45 25 25 2.45515
5 25 20 2.5435
10 25 20 2.52866
15 25 20 2.52272
20 25 20 2.57946
25 25 20 2.75604
30 25 20 3.13253
35 25 20 3.76147
40 25 20 4.4558
45 25 20 2.47118
5 25 15 2.54164
10 25 15 2.52712
15 25 15 2.52104
20 25 15 2.57885
25 25 15 2.75286
30 25 15 3.12882
35 25 15 3.75304
40 25 15 4.43917
45 25 15 2.45515
5 25 10 2.53425
10 25 10 2.51922
15 25 10 2.52097
20 25 10 2.57388
25 25 10 2.74914
30 25 10 3.11815
35 25 10 3.73589
40 25 10 4.39411
45 25 10 2.38956
5 25 5 2.51405
10 25 5 2.51936
15 25 5 2.48795
20 25 5 2.56
25 25 5 2.75592
30 25 5 3.13053
35 25 5 3.70784
40 25 5 4.33878
45 25 5 2.27453
5 20 35 -0.0249504
10 20 35 0.054068
15 20 35 0.211154
20 20 35 0.497912
25 20 35 0.991008
30 20 35 1.81928
35 20 35 3.13754
40 20 35 5.71576
45 20 35 10.9627
5 20 30 -0.0198004
10 20 30 0.051877
15 20 30 0.195098
20 20 30 0.467935
25 20 30 0.952623
30 20 30 1.78252
35 20 30 3.17439
40 20 30 5.77476
45 20 30 11.2004
5 20 25 -0.0181597
10 20 25 0.0494607
15 20 25 0.188298
20 20 25 0.457717
25 20 25 0.943385
30 20 25 1.79013
35 20 25 3.19105
40 20 25 5.83562
45 20 25 11.3199
5 20 20 -0.0178575
10 20 20 0.0485815
15 20 20 0.186332
20 20 20 0.455256
25 20 20 0.943573
30 20 20 1.79212
35 20 20 3.20119
40 20 20 5.85784
45 20 20 11.3564
5 20 15 -0.0181597
10 20 15 0.0494607
15 20 15 0.188298
20 20 15 0.457717
25 20 15 0.943385
30 20 15 1.79013
35 20 15 3.19105
40 20 15 5.83562
45 20 15 11.3199
5 20 10 -0.0198004
10 20 10 0.051877
15 20 10 0.195098
20 20 10 0.467935
25 20 10 0.952623
30 20 10 1.78252
35 20 10 3.17439
40 20 10 5.77476
45 20 10 11.2004
5 20 5 -0.0249504
10 20 5 0.054068
15 20 5 0.211154
20 20 5 0.497912
25 20 5 0.991008
30 20 5 1.81928
35 20 5 3.13754
40 20 5 5.71576
45 20 5 10.9627
5 15 35 -2.58915
10 15 35 -2.48754
15 15 35 -2.23557
20 15 35 -1.89373
25 15 35 -1.35714
30 15 35 -0.527404
35 15 35 0.831196
40 15 35 2.94276
45 15 35 5.48367
5 15 30 -2.59548
10 15 30 -2.48743
15 15 30 -2.29494
20 15 30 -1.95995
25 15 30 -1.42247
30 15 30 -0.57701
35 15 30 0.83165
40 15 30 3.00533
45 15 30 5.66888
5 15 25 -2.59874
10 15 25 -2.49923
15 15 25 -2.30774
20 15 25 -1.98571
25 15 25 -1.44505
30 15 25 -0.584118
35 15 25 0.84385
40 15 25 3.04595
45 15 25 5.74167
5 15 20 -2.59971
10 15 20 -2.50226
15 15 20 -2.31334
20 15 20 -1.99134
25 15 20 -1.45039
30 15 20 -0.585966
35 15 20 0.848201
40 15 20 3.05863
45 15 20 5.76368
5 15 15 -2.59874
10 15 15 -2.49923
15 15 15 -2.30774
20 15 15 -1.98571
25 15 15 -1.44505
30 15 15 -0.584118
35 15 15 0.84385
40 15 15 3.04595
45 15 15 5.74167
5 15 10 -2.59548
10 15 10 -2.48743
15 15 10 -2.29494
20 15 10 -1.95995
25 15 10 -1.42247
30 15 10 -0.57701
35 15 10 0.83165
40 15 10 3.00533
45 15 10 5.66888
5 15 5 -2.58915
10 15 5 -2.48754
15 15 5 -2.23557
20 15 5 -1.89373
25 15 5 -1.35714
30 15 5 -0.527404
35 15 5 0.831196
40 15 5 2.94276
45 15 5 5.48367
5 10 35 -5.23543
10 10 35 -5.125
15 10 35 -4.85973
20 10 35 -4.55474
25 10 35 -4.23188
30 10 35 -3.81455
35 10 35 -3.26227
40 10 35 -2.74217
45 10 35 -2.08998
5 10 30 -5.24474
10 10 30 -5.11177
15 10 30 -4.94867
20 10 30 -4.64246
25 10 30 -4.30633
30 10 30 -3.86952
35 10 30 -3.2878
40 10 30 -2.71634
45 10 30 -2.01014
5 10 25 -5.26047
10 10 25 -5.13588
15 10 25 -4.96932
20 10 25 -4.68406
25 10 25 -4.34532
30 10 25 -3.89814
35 10 25 -3.30145
40 10 25 -2.71287
45 10 25 -1.98824
5 10 20 -5.26377
10 10 20 -5.1432
15 10 20 -4.97973
20 10 20 -4.69344
25 10 20 -4.35724
30 10 20 -3.90682
35 10 20 -3.30619
40 10 20 -2.71424
45 10 20 -1.9847
5 10 15 -5.26047
10 10 15 -5.13588
15 10 15 -4.96932
20 10 15 -4.68406
25 10 15 -4.34532
30 10 15 -3.89814
35 10 15 -3.30145
40 10 15 -2.71287
45 10 15 -1.98824
5 10 10 -5.24474
10 10 10 -5.11177
15 10 10 -4.94867
20 10 10 -4.64246
25 10 10 -4.30633
30 10 10 -3.86952
35 10 10 -3.2878
40 10 10 -2.71634
45 10 10 -2.01014
5 10 5 -5.23543
10 10 5 -5.125
15 10 5 -4.85973
20 10 5 -4.55474
25 10 5 -4.23188
30 10 5 -3.81455
35 10 5 -3.26227
40 10 5 -2.74217
45 10 5 -2.08998
5 5 35 -7.96566
10 5 35 -7.92827
15 5 35 -7.42694
20 5 35 -7.24584
25 5 35 -7.27222
30 5 35 -7.53282
35 5 35 -8.05707
40 5 35 -8.72861
45 5 35 -9.24913
5 5 30 -8.02391
10 5 30 -7.90749
15 5 30 -7.55085
20 5 30 -7.34841
25 5 30 -7.36104
30 5 30 -7.61018
35 5 30 -8.12643
40 5 30 -8.78691
45 5 30 -9.28677
5 5 25 -8.05619
10 5 25 -7.9498
15 5 25 -7.57129
20 5 25 -7.39772
25 5 25 -7.40958
30 5 25 -7.65498
35 5 25 -8.16363
40 5 25 -8.81449
45 5 25 -9.30662
5 5 20 -8.06361
10 5 20 -7.9582
15 5 20 -7.58324
20 5 20 -7.40734
25 5 20 -7.42483
30 5 20 -7.66877
35 5 20 -8.17526
40 5 20 -8.82285
45 5 20 -9.311
5 5 15 -8.05619
10 5 15 -7.9498
15 5 15 -7.57129
20 5 15 -7.39772
25 5 15 -7.40958
30 5 15 -7.65498
35 5 15 -8.16363
40 5 15 -8.81449
45 5 15 -9.30662
5 5 10 -8.02391
10 5 10 -7.90749
15 5 10 -7.55085
20 5 10 -7.34841
25 5 10 -7.36104
30 5 10 -7.61018
35 5 10 -8.12643
40 5 10 -8.78691
45 5 10 -9.28677
5 5 5 -7.96566
10 5 5 -7.92827
15 5 5 -7.42694
20 5 5 -7.24584
25 5 5 -7.27222
30 5 5 -7.53282
35 5 5 -8.05707
40 5 5 -8.72861
45 5 5 -9.24913
