50 20 40 0.00286057
100 20 40 0.0192186
100 20 0 0.0192186
50 20 0 0.00286057
100 0 40 0.0204739
100 0 0 0.0204739
50 0 0 0.00390314
50 0 40 0.00390314
0 40 40 3.46646e-24
50 40 40 0.00279012
50 40 0 0.00279012
0 40 0 3.46646e-24
0 0 0 3.38996e-24
0 0 40 3.38996e-24
55 20 40 0.00407832
60 20 40 0.00532559
65 20 40 0.00672473
70 20 40 0.00825712
75 20 40 0.00991495
80 20 40 0.0116794
85 20 40 0.0135297
90 20 40 0.0154323
95 20 40 0.0173405
100 20 35 0.0192206
100 20 30 0.0192187
100 20 25 0.0192159
100 20 20 0.0192141
100 20 15 0.0192159
100 20 10 0.0192187
100 20 5 0.0192206
95 20 0 0.0173405
90 20 0 0.0154323
85 20 0 0.0135297
80 20 0 0.0116794
75 20 0 0.00991495
70 20 0 0.00825712
65 20 0 0.00672473
60 20 0 0.00532559
55 20 0 0.00407832
50 20 5 0.00287641
50 20 10 0.00289818
50 20 15 0.00291059
50 20 20 0.0029147
50 20 25 0.00291059
50 20 30 0.00289818
50 20 35 0.00287641
95 0 40 0.0177569
90 0 40 0.0158288
85 0 40 0.013944
80 0 40 0.0121475
75 0 40 0.0104357
70 0 40 0.00883083
65 0 40 0.00735253
60 0 40 0.00602438
55 0 40 0.00486881
100 0 5 0.0200414
100 0 10 0.020037
100 0 15 0.020022
100 0 20 0.0200208
100 0 25 0.020022
100 0 30 0.020037
100 0 35 0.0200414
55 0 0 0.00486881
60 0 0 0.00602438
65 0 0 0.00735253
70 0 0 0.00883083
75 0 0 0.0104357
80 0 0 0.0121475
85 0 0 0.013944
90 0 0 0.0158288
95 0 0 0.0177569
50 0 35 0.00394348
50 0 30 0.00397604
50 0 25 0.00399298
50 0 20 0.0039981
50 0 15 0.00399298
50 0 10 0.00397604
50 0 5 0.00394348
50 5 0 0.00340054
50 10 0 0.0030498
50 15 0 0.0028998
50 15 40 0.0028998
50 10 40 0.0030498
50 5 40 0.00340054
100 5 0 0.0194212
100 10 0 0.0190655
100 15 0 0.0190302
100 15 40 0.0190302
100 10 40 0.0190655
100 5 40 0.0194212
5 40 40 0.00028198
10 40 40 0.000515998
15 40 40 0.000766948
20 40 40 0.0010408
25 40 40 0.00133925
30 40 40 0.00165598
35 40 40 0.00197556
40 40 40 0.00227747
45 40 40 0.00254479
50 40 35 0.00278559
50 40 30 0.0027852
50 40 25 0.00278743
50 40 20 0.00278877
50 40 15 0.00278743
50 40 10 0.0027852
50 40 5 0.00278559
45 40 0 0.00254479
40 40 0 0.00227747
35 40 0 0.00197556
30 40 0 0.00165598
25 40 0 0.00133925
20 40 0 0.0010408
15 40 0 0.000766948
10 40 0 0.000515998
5 40 0 0.00028198
0 40 5 3.13557e-24
0 40 10 3.13526e-24
0 40 15 3.16647e-24
0 40 20 3.17563e-24
0 40 25 3.16647e-24
0 40 30 3.13526e-24
0 40 35 3.13557e-24
45 0 40 0.0031251
40 0 40 0.00251362
35 0 40 0.00203041
30 0 40 0.00163626
25 0 40 0.00130087
20 0 40 0.00100599
15 0 40 0.000741903
10 0 40 0.000500496
5 0 40 0.000274183
5 0 0 0.000274183
10 0 0 0.000500496
15 0 0 0.000741903
20 0 0 0.00100599
25 0 0 0.00130087
30 0 0 0.00163626
35 0 0 0.00203041
40 0 0 0.00251362
45 0 0 0.0031251
0 0 35 3.04523e-24
0 0 30 3.03621e-24
0 0 25 3.06564e-24
0 0 20 3.07472e-24
0 0 15 3.06564e-24
0 0 10 3.03621e-24
0 0 5 3.04523e-24
0 35 0 2.46425e-24
0 30 0 1.54609e-24
0 25 0 7.47512e-25
0 20 0 5.88692e-26
0 15 0 7.98946e-25
0 10 0 1.58527e-24
0 5 0 2.46008e-24
0 5 40 2.46008e-24
0 10 40 1.58527e-24
0 15 40 7.98946e-25
0 20 40 5.88692e-26
0 25 40 7.47512e-25
0 30 40 1.54609e-24
0 35 40 2.46425e-24
50 25 0 0.00260724
50 30 0 0.00261593
50 35 0 0.00268117
50 35 40 0.00268117
50 30 40 0.00261593
50 25 40 0.00260724
55 20 35 0.00411876
60 20 35 0.00537536
65 20 35 0.00677296
70 20 35 0.00830085
75 20 35 0.00995222
80 20 35 0.011709
85 20 35 0.0135503
90 20 35 0.0154439
95 20 35 0.0173446
55 20 30 0.0041555
60 20 30 0.00541281
65 20 30 0.00680883
70 20 30 0.00833341
75 20 30 0.00997956
80 20 30 0.0117298
85 20 30 0.0135635
90 20 30 0.0154497
95 20 30 0.0173449
55 20 25 0.00417329
60 20 25 0.00543254
65 20 25 0.00682824
70 20 25 0.00835087
75 20 25 0.00999421
80 20 25 0.0117407
85 20 25 0.0135699
90 20 25 0.0154516
95 20 25 0.0173435
55 20 20 0.00417887
60 20 20 0.0054386
65 20 20 0.00683428
70 20 20 0.0083564
75 20 20 0.0099988
80 20 20 0.0117441
85 20 20 0.0135718
90 20 20 0.0154519
95 20 20 0.0173425
55 20 15 0.00417329
60 20 15 0.00543254
65 20 15 0.00682824
70 20 15 0.00835087
75 20 15 0.00999421
80 20 15 0.0117407
85 20 15 0.0135699
90 20 15 0.0154516
95 20 15 0.0173435
55 20 10 0.0041555
60 20 10 0.00541281
65 20 10 0.00680883
70 20 10 0.00833341
75 20 10 0.00997956
80 20 10 0.0117298
85 20 10 0.0135635
90 20 10 0.0154497
95 20 10 0.0173449
55 20 5 0.00411876
60 20 5 0.00537536
65 20 5 0.00677296
70 20 5 0.00830085
75 20 5 0.00995222
80 20 5 0.011709
85 20 5 0.0135503
90 20 5 0.0154439
95 20 5 0.0173446
55 0 35 0.004914
60 0 35 0.00607128
65 0 35 0.0073983
70 0 35 0.00887269
75 0 35 0.0104723
80 0 35 0.0121772
85 0 35 0.0139656
90 0 35 0.0158337
95 0 35 0.017766
55 0 30 0.00494882
60 0 30 0.00610653
65 0 30 0.00743198
70 0 30 0.00890347
75 0 30 0.010499
80 0 30 0.0121981
85 0 30 0.0139812
90 0 30 0.0158368
95 0 30 0.0177481
55 0 25 0.00496686
60 0 25 0.00612495
65 0 25 0.00745003
70 0 25 0.00892013
75 0 25 0.0105133
80 0 25 0.0122096
85 0 25 0.0139877
90 0 25 0.0158397
95 0 25 0.0177444
55 0 20 0.00497239
60 0 20 0.00613073
65 0 20 0.00745571
70 0 20 0.00892539
75 0 20 0.0105178
80 0 20 0.0122129
85 0 20 0.0139902
90 0 20 0.0158401
95 0 20 0.0177444
55 0 15 0.00496686
60 0 15 0.00612495
65 0 15 0.00745003
70 0 15 0.00892013
75 0 15 0.0105133
80 0 15 0.0122096
85 0 15 0.0139877
90 0 15 0.0158397
95 0 15 0.0177444
55 0 10 0.00494882
60 0 10 0.00610653
65 0 10 0.00743198
70 0 10 0.00890347
75 0 10 0.010499
80 0 10 0.0121981
85 0 10 0.0139812
90 0 10 0.0158368
95 0 10 0.0177481
55 0 5 0.004914
60 0 5 0.00607128
65 0 5 0.0073983
70 0 5 0.00887269
75 0 5 0.0104723
80 0 5 0.0121772
85 0 5 0.0139656
90 0 5 0.0158337
95 0 5 0.017766
50 15 35 0.00294371
50 15 30 0.00297079
50 15 25 0.00298537
50 15 20 0.00299009
50 15 15 0.00298537
50 15 10 0.00297079
50 15 5 0.00294371
50 10 35 0.00311194
50 10 30 0.00314093
50 10 25 0.0031574
50 10 20 0.00316257
50 10 15 0.0031574
50 10 10 0.00314093
50 10 5 0.00311194
50 5 35 0.00345165
50 5 30 0.00348401
50 5 25 0.00350078
50 5 20 0.00350599
50 5 15 0.00350078
50 5 10 0.00348401
50 5 5 0.00345165
100 15 35 0.0190295
100 15 30 0.0190286
100 15 25 0.0190246
100 15 20 0.0190229
100 15 15 0.0190246
100 15 10 0.0190286
100 15 5 0.0190295
100 10 35 0.0190692
100 10 30 0.0190574
100 10 25 0.0190502
100 10 20 0.0190497
100 10 15 0.0190502
100 10 10 0.0190574
100 10 5 0.0190692
100 5 35 0.0193947
100 5 30 0.0193471
100 5 25 0.019346
100 5 20 0.0193429
100 5 15 0.019346
100 5 10 0.0193471
100 5 5 0.0193947
55 15 40 0.0038361
60 15 40 0.0050571
65 15 40 0.00642631
70 15 40 0.00795144
75 15 40 0.00961054
80 15 40 0.0113843
85 15 40 0.0132514
90 15 40 0.0151834
95 15 40 0.0171282
55 10 40 0.00395196
60 10 40 0.00509692
65 10 40 0.00644342
70 10 40 0.00795169
75 10 40 0.00960124
80 10 40 0.0113677
85 10 40 0.0132256
90 10 40 0.0151622
95 10 40 0.017149
55 5 40 0.00431035
60 5 40 0.00543456
65 5 40 0.00675755
70 5 40 0.00824798
75 5 40 0.00987755
80 5 40 0.0116206
85 5 40 0.0134574
90 5 40 0.0153558
95 5 40 0.0173902
55 15 0 0.0038361
60 15 0 0.0050571
65 15 0 0.00642631
70 15 0 0.00795144
75 15 0 0.00961054
80 15 0 0.0113843
85 15 0 0.0132514
90 15 0 0.0151834
95 15 0 0.0171282
55 10 0 0.00395196
60 10 0 0.00509692
65 10 0 0.00644342
70 10 0 0.00795169
75 10 0 0.00960124
80 10 0 0.0113677
85 10 0 0.0132256
90 10 0 0.0151622
95 10 0 0.017149
55 5 0 0.00431035
60 5 0 0.00543456
65 5 0 0.00675755
70 5 0 0.00824798
75 5 0 0.00987755
80 5 0 0.0116206
85 5 0 0.0134574
90 5 0 0.0153558
95 5 0 0.0173902
5 40 35 0.000262797
10 40 35 0.000511252
15 40 35 0.00077058
20 40 35 0.00104921
25 40 35 0.00134906
30 40 35 0.00166461
35 40 35 0.00198065
40 40 35 0.0022786
45 40 35 0.00254214
5 40 30 0.000265436
10 40 30 0.000511656
15 40 30 0.000773432
20 40 30 0.00105402
25 40 30 0.00135433
30 40 30 0.00166892
35 40 30 0.00198296
40 40 30 0.0022785
45 40 30 0.00254136
5 40 25 0.000266895
10 40 25 0.000513567
15 40 25 0.000775255
20 40 25 0.00105629
25 40 25 0.00135687
30 40 25 0.0016713
35 40 25 0.00198494
40 40 25 0.0022802
45 40 25 0.00254303
5 40 20 0.000267549
10 40 20 0.000514212
15 40 20 0.000775961
20 40 20 0.00105703
25 40 20 0.00135767
30 40 20 0.00167213
35 40 20 0.00198576
40 40 20 0.0022811
45 40 20 0.00254416
5 40 15 0.000266895
10 40 15 0.000513567
15 40 15 0.000775255
20 40 15 0.00105629
25 40 15 0.00135687
30 40 15 0.0016713
35 40 15 0.00198494
40 40 15 0.0022802
45 40 15 0.00254303
5 40 10 0.000265436
10 40 10 0.000511656
15 40 10 0.000773432
20 40 10 0.00105402
25 40 10 0.00135433
30 40 10 0.00166892
35 40 10 0.00198296
40 40 10 0.0022785
45 40 10 0.00254136
5 40 5 0.000262797
10 40 5 0.000511252
15 40 5 0.00077058
20 40 5 0.00104921
25 40 5 0.00134906
30 40 5 0.00166461
35 40 5 0.00198065
40 40 5 0.0022786
45 40 5 0.00254214
5 0 35 0.000253137
10 0 35 0.000492819
15 0 35 0.000742376
20 0 35 0.00101224
25 0 35 0.0013115
30 0 35 0.00165128
35 0 35 0.00205068
40 0 35 0.0025403
45 0 35 0.00315871
5 0 30 0.000255322
10 0 30 0.000492571
15 0 30 0.000745333
20 0 30 0.00101911
25 0 30 0.00132227
30 0 30 0.00166613
35 0 30 0.00207001
40 0 30 0.00256449
45 0 30 0.00318762
5 0 25 0.000256812
10 0 25 0.000494761
15 0 25 0.000748105
20 0 25 0.00102366
25 0 25 0.00132902
30 0 25 0.00167513
35 0 25 0.0020812
40 0 25 0.00257776
45 0 25 0.00320284
5 0 20 0.00025752
10 0 20 0.00049559
15 0 20 0.000749259
20 0 20 0.00102526
25 0 20 0.00133129
30 0 20 0.00167809
35 0 20 0.0020848
40 0 20 0.00258193
45 0 20 0.00320752
5 0 15 0.000256812
10 0 15 0.000494761
15 0 15 0.000748105
20 0 15 0.00102366
25 0 15 0.00132902
30 0 15 0.00167513
35 0 15 0.0020812
40 0 15 0.00257776
45 0 15 0.00320284
5 0 10 0.000255322
10 0 10 0.000492571
15 0 10 0.000745333
20 0 10 0.00101911
25 0 10 0.00132227
30 0 10 0.00166613
35 0 10 0.00207001
40 0 10 0.00256449
45 0 10 0.00318762
5 0 5 0.000253137
10 0 5 0.000492819
15 0 5 0.000742376
20 0 5 0.00101224
25 0 5 0.0013115
30 0 5 0.00165128
35 0 5 0.00205068
40 0 5 0.0025403
45 0 5 0.00315871
0 35 35 2.13422e-24
0 35 30 2.10502e-24
0 35 25 2.11564e-24
0 35 20 2.11866e-24
0 35 15 2.11564e-24
0 35 10 2.10502e-24
0 35 5 2.13422e-24
0 30 35 1.32182e-24
0 30 30 1.2968e-24
0 30 25 1.30131e-24
0 30 20 1.30242e-24
0 30 15 1.30131e-24
0 30 10 1.2968e-24
0 30 5 1.32182e-24
0 25 35 6.43872e-25
0 25 30 6.37364e-25
0 25 25 6.42253e-25
0 25 20 6.436e-25
0 25 15 6.42253e-25
0 25 10 6.37364e-25
0 25 5 6.43872e-25
0 20 35 1.0151e-25
0 20 30 1.39163e-25
0 20 25 1.53568e-25
0 20 20 1.57689e-25
0 20 15 1.53568e-25
0 20 10 1.39163e-25
0 20 5 1.0151e-25
0 15 35 6.76021e-25
0 15 30 6.60631e-25
0 15 25 6.62598e-25
0 15 20 6.63161e-25
0 15 15 6.62598e-25
0 15 10 6.60631e-25
0 15 5 6.76021e-25
0 10 35 1.34373e-24
0 10 30 1.30915e-24
0 10 25 1.31035e-24
0 10 20 1.31062e-24
0 10 15 1.31035e-24
0 10 10 1.30915e-24
0 10 5 1.34373e-24
0 5 35 2.11591e-24
0 5 30 2.077e-24
0 5 25 2.08462e-24
0 5 20 2.08702e-24
0 5 15 2.08462e-24
0 5 10 2.077e-24
0 5 5 2.11591e-24
50 35 35 0.00267458
50 35 30 0.00267558
50 35 25 0.00267935
50 35 20 0.00268107
50 35 15 0.00267935
50 35 10 0.00267558
50 35 5 0.00267458
50 30 35 0.00260253
50 30 30 0.00260822
50 30 25 0.002614
50 30 20 0.00261639
50 30 15 0.002614
50 30 10 0.00260822
50 30 5 0.00260253
50 25 35 0.00259871
50 25 30 0.00260869
50 25 25 0.00261753
50 25 20 0.00262061
50 25 15 0.00261753
50 25 10 0.00260869
50 25 5 0.00259871
5 35 40 0.000187812
10 35 40 0.000379036
15 35 40 0.00059496
20 35 40 0.000846756
25 35 40 0.00113612
30 35 40 0.00145875
35 35 40 0.00180134
40 35 40 0.00213489
45 35 40 0.00243113
5 30 40 0.000123551
10 30 40 0.00026746
15 30 40 0.000458829
20 30 40 0.000698119
25 30 40 0.000985107
30 30 40 0.00131524
35 30 40 0.00167694
40 30 40 0.00205139
45 30 40 0.00237486
5 25 40 6.94107e-05
10 25 40 0.000184793
15 25 40 0.000359306
20 25 40 0.000588906
25 25 40 0.00086957
30 25 40 0.00119755
35 25 40 0.00156874
40 25 40 0.00197117
45 25 40 0.00239798
5 20 40 3.89191e-05
10 20 40 0.000145454
15 20 40 0.000311022
20 20 40 0.000529554
25 20 40 0.000796552
30 20 40 0.00111004
35 20 40 0.00146966
40 20 40 0.00187934
45 20 40 0.00233402
5 15 40 6.97529e-05
10 15 40 0.000177389
15 15 40 0.000337783
20 15 40 0.00054588
25 15 40 0.000797008
30 15 40 0.00108963
35 15 40 0.00142625
40 15 40 0.00181471
45 15 40 0.00226843
5 10 40 0.000124398
10 10 40 0.000260862
15 10 40 0.000435514
20 10 40 0.000647492
25 10 40 0.00089625
30 10 40 0.00118179
35 10 40 0.00150922
40 10 40 0.00189365
45 10 40 0.00238102
5 5 40 0.000187124
10 5 40 0.000372484
15 5 40 0.000577266
20 5 40 0.000811675
25 5 40 0.00107912
30 5 40 0.00138394
35 5 40 0.00173591
40 5 40 0.00215927
45 5 40 0.00269732
5 35 0 0.000187812
10 35 0 0.000379036
15 35 0 0.00059496
20 35 0 0.000846756
25 35 0 0.00113612
30 35 0 0.00145875
35 35 0 0.00180134
40 35 0 0.00213489
45 35 0 0.00243113
5 30 0 0.000123551
10 30 0 0.00026746
15 30 0 0.000458829
20 30 0 0.000698119
25 30 0 0.000985107
30 30 0 0.00131524
35 30 0 0.00167694
40 30 0 0.00205139
45 30 0 0.00237486
5 25 0 6.94107e-05
10 25 0 0.000184793
15 25 0 0.000359306
20 25 0 0.000588906
25 25 0 0.00086957
30 25 0 0.00119755
35 25 0 0.00156874
40 25 0 0.00197117
45 25 0 0.00239798
5 20 0 3.89191e-05
10 20 0 0.000145454
15 20 0 0.000311022
20 20 0 0.000529554
25 20 0 0.000796552
30 20 0 0.00111004
35 20 0 0.00146966
40 20 0 0.00187934
45 20 0 0.00233402
5 15 0 6.97529e-05
10 15 0 0.000177389
15 15 0 0.000337783
20 15 0 0.00054588
25 15 0 0.000797008
30 15 0 0.00108963
35 15 0 0.00142625
40 15 0 0.00181471
45 15 0 0.00226843
5 10 0 0.000124398
10 10 0 0.000260862
15 10 0 0.000435514
20 10 0 0.000647492
25 10 0 0.00089625
30 10 0 0.00118179
35 10 0 0.00150922
40 10 0 0.00189365
45 10 0 0.00238102
5 5 0 0.000187124
10 5 0 0.000372484
15 5 0 0.000577266
20 5 0 0.000811675
25 5 0 0.00107912
30 5 0 0.00138394
35 5 0 0.00173591
40 5 0 0.00215927
45 5 0 0.00269732
55 15 35 0.00389137
60 15 35 0.00511393
65 15 35 0.0064802
70 15 35 0.00799945
75 15 35 0.00965116
80 15 35 0.0114163
85 15 35 0.0132736
90 15 35 0.0151949
95 15 35 0.0171321
55 15 30 0.00392468
60 15 30 0.00515153
65 15 30 0.0065167
70 15 30 0.00803238
75 15 30 0.009679
80 15 30 0.0114378
85 15 30 0.0132877
90 15 30 0.0152009
95 15 30 0.0171321
55 15 25 0.00394304
60 15 25 0.00517204
65 15 25 0.00653705
70 15 25 0.00805107
75 15 25 0.00969484
80 15 25 0.0114499
85 15 25 0.0132953
90 15 25 0.0152034
95 15 25 0.0171302
55 15 20 0.00394873
60 15 20 0.00517847
65 15 20 0.00654355
70 15 20 0.00805707
75 15 20 0.00969995
80 15 20 0.0114538
85 15 20 0.0132977
90 15 20 0.0152042
95 15 20 0.0171295
55 15 15 0.00394304
60 15 15 0.00517204
65 15 15 0.00653705
70 15 15 0.00805107
75 15 15 0.00969484
80 15 15 0.0114499
85 15 15 0.0132953
90 15 15 0.0152034
95 15 15 0.0171302
55 15 10 0.00392468
60 15 10 0.00515153
65 15 10 0.0065167
70 15 10 0.00803238
75 15 10 0.009679
80 15 10 0.0114378
85 15 10 0.0132877
90 15 10 0.0152009
95 15 10 0.0171321
55 15 5 0.00389137
60 15 5 0.00511393
65 15 5 0.0064802
70 15 5 0.00799945
75 15 5 0.00965116
80 15 5 0.0114163
85 15 5 0.0132736
90 15 5 0.0151949
95 15 5 0.0171321
55 10 35 0.0040184
60 10 35 0.00516006
65 10 35 0.00650153
70 10 35 0.00800316
75 10 35 0.00964461
80 10 35 0.0114017
85 10 35 0.0132498
90 10 35 0.0151734
95 10 35 0.0171475
55 10 30 0.00405097
60 10 30 0.00519534
65 10 30 0.00653619
70 10 30 0.00803453
75 10 30 0.0096713
80 10 30 0.0114225
85 10 30 0.0132638
90 10 30 0.0151784
95 10 30 0.0171395
55 10 25 0.00406983
60 10 25 0.00521565
65 10 25 0.00655647
70 10 25 0.00805325
75 10 25 0.00968732
80 10 25 0.011435
85 10 25 0.0132721
90 10 25 0.0151819
95 10 25 0.0171373
55 10 20 0.00407582
60 10 20 0.00522219
65 10 20 0.00656304
70 10 20 0.00805937
75 10 20 0.00969258
80 10 20 0.0114391
85 10 20 0.0132749
90 10 20 0.0151831
95 10 20 0.0171374
55 10 15 0.00406983
60 10 15 0.00521565
65 10 15 0.00655647
70 10 15 0.00805325
75 10 15 0.00968732
80 10 15 0.011435
85 10 15 0.0132721
90 10 15 0.0151819
95 10 15 0.0171373
55 10 10 0.00405097
60 10 10 0.00519534
65 10 10 0.00653619
70 10 10 0.00803453
75 10 10 0.0096713
80 10 10 0.0114225
85 10 10 0.0132638
90 10 10 0.0151784
95 10 10 0.0171395
55 10 5 0.0040184
60 10 5 0.00516006
65 10 5 0.00650153
70 10 5 0.00800316
75 10 5 0.00964461
80 10 5 0.0114017
85 10 5 0.0132498
90 10 5 0.0151734
95 10 5 0.0171475
55 5 35 0.00436614
60 5 35 0.00549118
65 5 35 0.00681048
70 5 35 0.00829547
75 5 35 0.00991804
80 5 35 0.0116533
85 5 35 0.0134792
90 5 35 0.0153705
95 5 35 0.0173584
55 5 30 0.00440137
60 5 30 0.00552724
65 5 30 0.00684566
70 5 30 0.00832771
75 5 30 0.00994571
80 5 30 0.0116753
85 5 30 0.0134941
90 5 30 0.0153769
95 5 30 0.0173509
55 5 25 0.00441993
60 5 25 0.00554694
65 5 25 0.00686524
70 5 25 0.0083459
75 5 25 0.00996148
80 5 25 0.0116878
85 5 25 0.0135028
90 5 25 0.0153807
95 5 25 0.0173498
55 5 20 0.00442572
60 5 20 0.00555311
65 5 20 0.00687145
70 5 20 0.00835174
75 5 20 0.00996655
80 5 20 0.0116918
85 5 20 0.0135055
90 5 20 0.0153822
95 5 20 0.0173499
55 5 15 0.00441993
60 5 15 0.00554694
65 5 15 0.00686524
70 5 15 0.0083459
75 5 15 0.00996148
80 5 15 0.0116878
85 5 15 0.0135028
90 5 15 0.0153807
95 5 15 0.0173498
55 5 10 0.00440137
60 5 10 0.00552724
65 5 10 0.00684566
70 5 10 0.00832771
75 5 10 0.00994571
80 5 10 0.0116753
85 5 10 0.0134941
90 5 10 0.0153769
95 5 10 0.0173509
55 5 5 0.00436614
60 5 5 0.00549118
65 5 5 0.00681048
70 5 5 0.00829547
75 5 5 0.00991804
80 5 5 0.0116533
85 5 5 0.0134792
90 5 5 0.0153705
95 5 5 0.0173584
5 35 35 0.000169024
10 35 35 0.000376708
15 35 35 0.000601388
20 35 35 0.000857578
25 35 35 0.00114771
30 35 35 0.00146803
35 35 35 0.00180607
40 35 35 0.00213374
45 35 35 0.00242592
5 35 30 0.000169135
10 35 30 0.000376063
15 35 30 0.00060509
20 35 30 0.00086377
25 35 30 0.00115466
30 35 30 0.00147418
35 35 30 0.00181045
40 35 30 0.00213584
45 35 30 0.00242612
5 35 25 0.00016936
10 35 25 0.000377506
15 35 25 0.000607233
20 35 25 0.000867083
25 35 25 0.00115849
30 35 25 0.00147797
35 35 25 0.00181384
40 35 25 0.00213884
45 35 25 0.00242929
5 35 20 0.00016958
10 35 20 0.000377918
15 35 20 0.000608023
20 35 20 0.000868098
25 35 20 0.00115972
30 35 20 0.00147926
35 35 20 0.00181515
40 35 20 0.00214023
45 35 20 0.0024308
5 35 15 0.00016936
10 35 15 0.000377506
15 35 15 0.000607233
20 35 15 0.000867083
25 35 15 0.00115849
30 35 15 0.00147797
35 35 15 0.00181384
40 35 15 0.00213884
45 35 15 0.00242929
5 35 10 0.000169135
10 35 10 0.000376063
15 35 10 0.00060509
20 35 10 0.00086377
25 35 10 0.00115466
30 35 10 0.00147418
35 35 10 0.00181045
40 35 10 0.00213584
45 35 10 0.00242612
5 35 5 0.000169024
10 35 5 0.000376708
15 35 5 0.000601388
20 35 5 0.000857578
25 35 5 0.00114771
30 35 5 0.00146803
35 35 5 0.00180607
40 35 5 0.00213374
45 35 5 0.00242592
5 30 35 0.000114683
10 30 35 0.000271772
15 30 35 0.000470555
20 30 35 0.000712398
25 30 35 0.000998609
30 30 35 0.00132525
35 30 35 0.00168111
40 30 35 0.00204839
45 30 35 0.0023638
5 30 30 0.000115708
10 30 30 0.000273673
15 30 30 0.000476285
20 30 30 0.00072033
25 30 30 0.00100697
30 30 30 0.00133274
35 30 30 0.00168705
40 30 30 0.00205284
45 30 30 0.0023676
5 30 25 0.000116352
10 30 25 0.000275659
15 30 25 0.000479461
20 30 25 0.000724701
25 30 25 0.00101187
30 30 25 0.00133765
35 30 25 0.00169174
40 30 25 0.00205762
45 30 25 0.00237281
5 30 20 0.000116633
10 30 20 0.000276295
15 30 20 0.000480553
20 30 20 0.000726102
25 30 20 0.0010135
30 30 20 0.00133936
35 30 20 0.00169352
40 30 20 0.00205953
45 30 20 0.00237499
5 30 15 0.000116352
10 30 15 0.000275659
15 30 15 0.000479461
20 30 15 0.000724701
25 30 15 0.00101187
30 30 15 0.00133765
35 30 15 0.00169174
40 30 15 0.00205762
45 30 15 0.00237281
5 30 10 0.000115708
10 30 10 0.000273673
15 30 10 0.000476285
20 30 10 0.00072033
25 30 10 0.00100697
30 30 10 0.00133274
35 30 10 0.00168705
40 30 10 0.00205284
45 30 10 0.0023676
5 30 5 0.000114683
10 30 5 0.000271772
15 30 5 0.000470555
20 30 5 0.000712398
25 30 5 0.000998609
30 30 5 0.00132525
35 30 5 0.00168111
40 30 5 0.00204839
45 30 5 0.0023638
5 25 35 7.17817e-05
10 25 35 0.00019727
15 25 35 0.000376197
20 25 35 0.000606754
25 25 35 0.000886116
30 25 35 0.00121109
35 25 35 0.00157743
40 25 35 0.00197315
45 25 35 0.00239028
5 25 30 7.50958e-05
10 25 30 0.000203488
15 25 30 0.000385362
20 25 30 0.000617401
25 25 30 0.000896931
30 25 30 0.00122113
35 25 30 0.00158615
40 25 30 0.0019809
45 25 30 0.00239961
5 25 25 7.66055e-05
10 25 25 0.000206777
15 25 25 0.000390029
20 25 25 0.000623102
25 25 25 0.000903111
30 25 25 0.00122739
35 25 25 0.00159251
40 25 25 0.00198767
45 25 25 0.00240765
5 25 20 7.70992e-05
10 25 20 0.000207792
15 25 20 0.000391523
20 25 20 0.000624931
25 25 20 0.000905148
30 25 20 0.00122954
35 25 20 0.00159477
40 25 20 0.00199017
45 25 20 0.00241063
5 25 15 7.66055e-05
10 25 15 0.000206777
15 25 15 0.000390029
20 25 15 0.000623102
25 25 15 0.000903111
30 25 15 0.00122739
35 25 15 0.00159251
40 25 15 0.00198767
45 25 15 0.00240765
5 25 10 7.50958e-05
10 25 10 0.000203488
15 25 10 0.000385362
20 25 10 0.000617401
25 25 10 0.000896931
30 25 10 0.00122113
35 25 10 0.00158615
40 25 10 0.0019809
45 25 10 0.00239961
5 25 5 7.17817e-05
10 25 5 0.00019727
15 25 5 0.000376197
20 25 5 0.000606754
25 25 5 0.000886116
30 25 5 0.00121109
35 25 5 0.00157743
40 25 5 0.00197315
45 25 5 0.00239028
5 20 35 5.06178e-05
10 20 35 0.00016285
15 20 35 0.000331164
20 20 35 0.000550469
25 20 35 0.000817265
30 20 35 0.00112984
35 20 35 0.00148778
40 20 35 0.00189463
45 20 35 0.00234563
5 20 30 5.57571e-05
10 20 30 0.000171671
15 20 30 0.000342511
20 20 30 0.000563296
25 20 30 0.000830729
30 20 30 0.00114337
35 20 30 0.00150109
40 20 30 0.00190797
45 20 30 0.00235949
5 20 25 5.80777e-05
10 20 25 0.000175956
15 20 25 0.000348322
20 20 25 0.000570213
25 20 25 0.000838307
30 20 25 0.00115131
35 20 25 0.0015093
40 20 25 0.00191676
45 20 25 0.00236962
5 20 20 5.87453e-05
10 20 20 0.000177242
15 20 20 0.00035012
20 20 20 0.000572395
25 20 20 0.000840753
30 20 20 0.00115392
35 20 20 0.00151207
40 20 20 0.00191981
45 20 20 0.00237301
5 20 15 5.80777e-05
10 20 15 0.000175956
15 20 15 0.000348322
20 20 15 0.000570213
25 20 15 0.000838307
30 20 15 0.00115131
35 20 15 0.0015093
40 20 15 0.00191676
45 20 15 0.00236962
5 20 10 5.57571e-05
10 20 10 0.000171671
15 20 10 0.000342511
20 20 10 0.000563296
25 20 10 0.000830729
30 20 10 0.00114337
35 20 10 0.00150109
40 20 10 0.00190797
45 20 10 0.00235949
5 20 5 5.06178e-05
10 20 5 0.00016285
15 20 5 0.000331164
20 20 5 0.000550469
25 20 5 0.000817265
30 20 5 0.00112984
35 20 5 0.00148778
40 20 5 0.00189463
45 20 5 0.00234563
5 15 35 6.9924e-05
10 15 35 0.000188579
15 15 35 0.000354947
20 15 35 0.000566391
25 15 35 0.000819965
30 15 35 0.0011151
35 15 35 0.00145487
40 15 35 0.00184694
45 15 35 0.00230656
5 15 30 7.28766e-05
10 15 30 0.00019465
15 15 30 0.00036485
20 15 30 0.000579129
25 15 30 0.00083475
30 15 30 0.00113153
35 15 30 0.00147288
40 15 30 0.00186638
45 15 30 0.00232809
5 15 25 7.43251e-05
10 15 25 0.0001981
15 15 25 0.000370115
20 15 25 0.000586091
25 15 25 0.000843003
30 15 25 0.00114074
35 15 25 0.0014828
40 15 25 0.00187704
45 15 25 0.00234002
5 15 20 7.48184e-05
10 15 20 0.00019919
15 15 20 0.000371824
20 15 20 0.000588328
25 15 20 0.000845677
30 15 20 0.00114372
35 15 20 0.00148603
40 15 20 0.00188056
45 15 20 0.00234398
5 15 15 7.43251e-05
10 15 15 0.0001981
15 15 15 0.000370115
20 15 15 0.000586091
25 15 15 0.000843003
30 15 15 0.00114074
35 15 15 0.0014828
40 15 15 0.00187704
45 15 15 0.00234002
5 15 10 7.28766e-05
10 15 10 0.00019465
15 15 10 0.00036485
20 15 10 0.000579129
25 15 10 0.00083475
30 15 10 0.00113153
35 15 10 0.00147288
40 15 10 0.00186638
45 15 10 0.00232809
5 15 5 6.9924e-05
10 15 5 0.000188579
15 15 5 0.000354947
20 15 5 0.000566391
25 15 5 0.000819965
30 15 5 0.0011151
35 15 5 0.00145487
40 15 5 0.00184694
45 15 5 0.00230656
5 10 35 0.000112955
10 10 35 0.000262473
15 10 35 0.000445844
20 10 35 0.000663375
25 10 35 0.000916726
30 10 35 0.00120743
35 10 35 0.00154168
40 10 35 0.00193518
45 10 35 0.00243321
5 10 30 0.000113412
10 10 30 0.000263657
15 10 30 0.000451831
20 10 30 0.000673519
25 10 30 0.000930271
30 10 30 0.00122408
35 10 30 0.00156136
40 10 30 0.00195792
45 10 30 0.00245905
5 10 25 0.00011389
10 10 25 0.000265638
15 10 25 0.000455546
20 10 25 0.000679461
25 10 25 0.000938172
30 10 25 0.00123363
35 10 25 0.00157231
40 10 25 0.00197022
45 10 25 0.00247308
5 10 20 0.000114149
10 10 20 0.000266322
15 10 20 0.000456879
20 10 20 0.000681411
25 10 20 0.000940746
30 10 20 0.0012367
35 10 20 0.0015758
40 10 20 0.0019741
45 10 20 0.0024775
5 10 15 0.00011389
10 10 15 0.000265638
15 10 15 0.000455546
20 10 15 0.000679461
25 10 15 0.000938172
30 10 15 0.00123363
35 10 15 0.00157231
40 10 15 0.00197022
45 10 15 0.00247308
5 10 10 0.000113412
10 10 10 0.000263657
15 10 10 0.000451831
20 10 10 0.000673519
25 10 10 0.000930271
30 10 10 0.00122408
35 10 10 0.00156136
40 10 10 0.00195792
45 10 10 0.00245905
5 10 5 0.000112955
10 10 5 0.000262473
15 10 5 0.000445844
20 10 5 0.000663375
25 10 5 0.000916726
30 10 5 0.00120743
35 10 5 0.00154168
40 10 5 0.00193518
45 10 5 0.00243321
5 5 35 0.000166139
10 5 35 0.000366975
15 5 35 0.00058069
20 5 35 0.000821257
25 5 35 0.00109351
30 5 35 0.00140335
35 5 35 0.00176175
40 5 35 0.00219339
45 5 35 0.00274063
5 5 30 0.000165598
10 5 30 0.000365315
15 5 30 0.00058403
20 5 30 0.000828899
25 5 30 0.00110509
30 5 30 0.00141868
35 5 30 0.00178101
40 5 30 0.00221689
45 5 30 0.00276866
5 5 25 0.000165656
10 5 25 0.000366708
15 5 25 0.000586644
20 5 25 0.000833807
25 5 25 0.00111221
30 5 25 0.00142787
35 5 25 0.00179212
40 5 25 0.00222988
45 5 25 0.00278355
5 5 20 0.000165861
10 5 20 0.000367186
15 5 20 0.000587707
20 5 20 0.000835452
25 5 20 0.00111457
30 5 20 0.00143086
35 5 20 0.00179566
40 5 20 0.00223392
45 5 20 0.00278813
5 5 15 0.000165656
10 5 15 0.000366708
15 5 15 0.000586644
20 5 15 0.000833807
25 5 15 0.00111221
30 5 15 0.00142787
35 5 15 0.00179212
40 5 15 0.00222988
45 5 15 0.00278355
5 5 10 0.000165598
10 5 10 0.000365315
15 5 10 0.00058403
20 5 10 0.000828899
25 5 10 0.00110509
30 5 10 0.00141868
35 5 10 0.00178101
40 5 10 0.00221689
45 5 10 0.00276866
5 5 5 0.000166139
10 5 5 0.000366975
15 5 5 0.00058069
20 5 5 0.000821257
25 5 5 0.00109351
30 5 5 0.00140335
35 5 5 0.00176175
40 5 5 0.00219339
45 5 5 0.00274063
